0 0 0 0 0 0 0 0 0 0 0 0 0 0 0 0 0 0 0 0 0 0 
1 1 1 0 0 0 0 0 0 0 0 0 0 0 0 0 0 0 0 0 0 0 
3 2 0 2 0 0 0 0 0 0 0 0 0 0 0 0 0 0 0 0 0 0 
6 3 0 1 1 0 0 0 0 0 0 0 0 0 0 0 0 0 0 0 0 0 
7 1 1 2 0 0 0 0 0 0 0 0 0 0 0 0 0 0 0 0 0 0 
13 1 1 1 1 0 0 0 0 0 0 0 0 0 0 0 0 0 0 0 0 0 
15 3 0 1 3 0 0 0 0 0 0 0 0 0 0 0 0 0 0 0 0 0 
27 4 0 0 0 4 0 0 0 0 0 0 0 0 0 0 0 0 0 0 0 0 
30 4 0 1 2 1 0 0 0 0 0 0 0 0 0 0 0 0 0 0 0 0 
31 1 1 1 3 0 0 0 0 0 0 0 0 0 0 0 0 0 0 0 0 0 
54 5 0 0 0 3 1 0 0 0 0 0 0 0 0 0 0 0 0 0 0 0 
55 1 1 0 0 4 0 0 0 0 0 0 0 0 0 0 0 0 0 0 0 0 
61 1 1 1 2 1 0 0 0 0 0 0 0 0 0 0 0 0 0 0 0 0 
63 4 0 0 2 4 0 0 0 0 0 0 0 0 0 0 0 0 0 0 0 0 
109 1 1 0 0 3 1 0 0 0 0 0 0 0 0 0 0 0 0 0 0 0 
111 2 0 2 0 4 0 0 0 0 0 0 0 0 0 0 0 0 0 0 0 0 
123 5 0 0 1 0 5 0 0 0 0 0 0 0 0 0 0 0 0 0 0 0 
126 5 0 0 2 3 1 0 0 0 0 0 0 0 0 0 0 0 0 0 0 0 
127 1 1 0 2 4 0 0 0 0 0 0 0 0 0 0 0 0 0 0 0 0 
219 2 0 2 0 3 1 0 0 0 0 0 0 0 0 0 0 0 0 0 0 0 
222 3 0 1 1 4 0 0 0 0 0 0 0 0 0 0 0 0 0 0 0 0 
223 1 1 2 0 4 0 0 0 0 0 0 0 0 0 0 0 0 0 0 0 0 
246 6 0 0 1 0 4 1 0 0 0 0 0 0 0 0 0 0 0 0 0 0 
247 1 1 0 1 0 5 0 0 0 0 0 0 0 0 0 0 0 0 0 0 0 
253 1 1 0 2 3 1 0 0 0 0 0 0 0 0 0 0 0 0 0 0 0 
255 2 0 2 2 4 0 0 0 0 0 0 0 0 0 0 0 0 0 0 0 0 
438 3 0 1 1 3 1 0 0 0 0 0 0 0 0 0 0 0 0 0 0 0 
439 1 1 2 0 3 1 0 0 0 0 0 0 0 0 0 0 0 0 0 0 0 
445 1 1 1 1 4 0 0 0 0 0 0 0 0 0 0 0 0 0 0 0 0 
447 3 0 1 3 4 0 0 0 0 0 0 0 0 0 0 0 0 0 0 0 0 
493 1 1 0 1 0 4 1 0 0 0 0 0 0 0 0 0 0 0 0 0 0 
495 2 0 2 1 0 5 0 0 0 0 0 0 0 0 0 0 0 0 0 0 0 
507 2 0 2 2 3 1 0 0 0 0 0 0 0 0 0 0 0 0 0 0 0 
510 5 0 1 1 3 3 0 0 0 0 0 0 0 0 0 0 0 0 0 0 0 
511 1 1 2 2 4 0 0 0 0 0 0 0 0 0 0 0 0 0 0 0 0 
877 1 1 1 1 3 1 0 0 0 0 0 0 0 0 0 0 0 0 0 0 0 
879 3 0 1 3 3 1 0 0 0 0 0 0 0 0 0 0 0 0 0 0 0 
891 5 0 0 0 3 5 0 0 0 0 0 0 0 0 0 0 0 0 0 0 0 
894 5 0 1 2 3 2 0 0 0 0 0 0 0 0 0 0 0 0 0 0 0 
895 1 1 1 3 4 0 0 0 0 0 0 0 0 0 0 0 0 0 0 0 0 
987 2 0 2 1 0 4 1 0 0 0 0 0 0 0 0 0 0 0 0 0 0 
990 4 0 1 0 2 5 0 0 0 0 0 0 0 0 0 0 0 0 0 0 0 
991 1 1 2 1 0 5 0 0 0 0 0 0 0 0 0 0 0 0 0 0 0 
1014 6 0 1 1 2 0 4 0 0 0 0 0 0 0 0 0 0 0 0 0 0 
1015 1 1 2 2 3 1 0 0 0 0 0 0 0 0 0 0 0 0 0 0 0 
1020 6 0 1 1 3 2 1 0 0 0 0 0 0 0 0 0 0 0 0 0 0 
1021 1 1 1 1 3 3 0 0 0 0 0 0 0 0 0 0 0 0 0 0 0 
1023 5 0 1 1 3 5 0 0 0 0 0 0 0 0 0 0 0 0 0 0 0 
1755 6 0 0 0 2 0 6 0 0 0 0 0 0 0 0 0 0 0 0 0 0 
1758 6 0 1 2 2 0 3 0 0 0 0 0 0 0 0 0 0 0 0 0 0 
1759 1 1 1 3 3 1 0 0 0 0 0 0 0 0 0 0 0 0 0 0 0 
1782 6 0 0 0 3 4 1 0 0 0 0 0 0 0 0 0 0 0 0 0 0 
1783 1 1 0 0 3 5 0 0 0 0 0 0 0 0 0 0 0 0 0 0 0 
1788 6 0 1 2 3 1 1 0 0 0 0 0 0 0 0 0 0 0 0 0 0 
1789 1 1 1 2 3 2 0 0 0 0 0 0 0 0 0 0 0 0 0 0 0 
1791 5 0 0 2 3 5 0 0 0 0 0 0 0 0 0 0 0 0 0 0 0 
1974 4 0 1 0 2 4 1 0 0 0 0 0 0 0 0 0 0 0 0 0 0 
1975 1 1 2 1 0 4 1 0 0 0 0 0 0 0 0 0 0 0 0 0 0 
1980 6 0 1 0 1 4 2 0 0 0 0 0 0 0 0 0 0 0 0 0 0 
1981 1 1 1 0 2 5 0 0 0 0 0 0 0 0 0 0 0 0 0 0 0 
1983 4 0 1 0 4 5 0 0 0 0 0 0 0 0 0 0 0 0 0 0 0 
2028 7 0 1 1 2 0 3 1 0 0 0 0 0 0 0 0 0 0 0 0 0 
2029 1 1 1 1 2 0 4 0 0 0 0 0 0 0 0 0 0 0 0 0 0 
2031 6 0 1 1 2 0 6 0 0 0 0 0 0 0 0 0 0 0 0 0 0 
2041 1 1 1 1 3 2 1 0 0 0 0 0 0 0 0 0 0 0 0 0 0 
2043 6 0 0 0 2 2 6 0 0 0 0 0 0 0 0 0 0 0 0 0 0 
2046 6 0 1 1 3 4 1 0 0 0 0 0 0 0 0 0 0 0 0 0 0 
2047 1 1 1 1 3 5 0 0 0 0 0 0 0 0 0 0 0 0 0 0 0 
3510 7 0 0 0 2 0 5 1 0 0 0 0 0 0 0 0 0 0 0 0 0 
3511 1 1 0 0 2 0 6 0 0 0 0 0 0 0 0 0 0 0 0 0 0 
3516 7 0 1 2 2 0 2 1 0 0 0 0 0 0 0 0 0 0 0 0 0 
3517 1 1 1 2 2 0 3 0 0 0 0 0 0 0 0 0 0 0 0 0 0 
3519 6 0 0 2 2 0 6 0 0 0 0 0 0 0 0 0 0 0 0 0 0 
3565 1 1 0 0 3 4 1 0 0 0 0 0 0 0 0 0 0 0 0 0 0 
3567 2 0 2 0 3 5 0 0 0 0 0 0 0 0 0 0 0 0 0 0 0 
3577 1 1 1 2 3 1 1 0 0 0 0 0 0 0 0 0 0 0 0 0 0 
3579 6 0 0 1 2 1 6 0 0 0 0 0 0 0 0 0 0 0 0 0 0 
3582 6 0 0 2 3 4 1 0 0 0 0 0 0 0 0 0 0 0 0 0 0 
3583 1 1 0 2 3 5 0 0 0 0 0 0 0 0 0 0 0 0 0 0 0 
3948 7 0 1 0 1 3 0 3 0 0 0 0 0 0 0 0 0 0 0 0 0 
3949 1 1 1 0 2 4 1 0 0 0 0 0 0 0 0 0 0 0 0 0 0 
3951 4 0 1 0 4 4 1 0 0 0 0 0 0 0 0 0 0 0 0 0 0 
3960 7 0 1 0 1 4 1 1 0 0 0 0 0 0 0 0 0 0 0 0 0 
3961 1 1 1 0 1 4 2 0 0 0 0 0 0 0 0 0 0 0 0 0 0 
3963 3 0 0 3 2 5 0 0 0 0 0 0 0 0 0 0 0 0 0 0 0 
3966 6 0 1 0 3 4 2 0 0 0 0 0 0 0 0 0 0 0 0 0 0 
3967 1 1 1 0 4 5 0 0 0 0 0 0 0 0 0 0 0 0 0 0 0 
4057 1 1 1 1 2 0 3 1 0 0 0 0 0 0 0 0 0 0 0 0 0 
4059 5 0 0 0 1 5 4 0 0 0 0 0 0 0 0 0 0 0 0 0 0 
4062 7 0 1 1 2 0 5 1 0 0 0 0 0 0 0 0 0 0 0 0 0 
4063 1 1 1 1 2 0 6 0 0 0 0 0 0 0 0 0 0 0 0 0 0 
4083 7 0 0 0 2 1 0 7 0 0 0 0 0 0 0 0 0 0 0 0 0 
4086 7 0 0 0 2 2 5 1 0 0 0 0 0 0 0 0 0 0 0 0 0 
4087 1 1 0 0 2 2 6 0 0 0 0 0 0 0 0 0 0 0 0 0 0 
4093 1 1 1 1 3 4 1 0 0 0 0 0 0 0 0 0 0 0 0 0 0 
4095 6 0 0 0 2 4 6 0 0 0 0 0 0 0 0 0 0 0 0 0 0 
7021 1 1 0 0 2 0 5 1 0 0 0 0 0 0 0 0 0 0 0 0 0 
7023 2 0 2 0 2 0 6 0 0 0 0 0 0 0 0 0 0 0 0 0 0 
7033 1 1 1 2 2 0 2 1 0 0 0 0 0 0 0 0 0 0 0 0 0 
7035 5 0 0 1 1 5 3 0 0 0 0 0 0 0 0 0 0 0 0 0 0 
7038 7 0 0 2 2 0 5 1 0 0 0 0 0 0 0 0 0 0 0 0 0 
7039 1 1 0 2 2 0 6 0 0 0 0 0 0 0 0 0 0 0 0 0 0 
7131 2 0 2 0 3 4 1 0 0 0 0 0 0 0 0 0 0 0 0 0 0 
7134 3 0 1 1 3 5 0 0 0 0 0 0 0 0 0 0 0 0 0 0 0 
7135 1 1 2 0 3 5 0 0 0 0 0 0 0 0 0 0 0 0 0 0 0 
7155 7 0 0 1 2 0 0 7 0 0 0 0 0 0 0 0 0 0 0 0 0 
7158 7 0 0 1 2 1 5 1 0 0 0 0 0 0 0 0 0 0 0 0 0 
7159 1 1 0 1 2 1 6 0 0 0 0 0 0 0 0 0 0 0 0 0 0 
7165 1 1 0 2 3 4 1 0 0 0 0 0 0 0 0 0 0 0 0 0 0 
7167 2 0 2 2 3 5 0 0 0 0 0 0 0 0 0 0 0 0 0 0 0 
7896 8 0 1 0 1 3 0 2 1 0 0 0 0 0 0 0 0 0 0 0 0 
7897 1 1 1 0 1 3 0 3 0 0 0 0 0 0 0 0 0 0 0 0 0 
7899 3 0 0 3 2 4 1 0 0 0 0 0 0 0 0 0 0 0 0 0 0 
7902 7 0 1 0 3 3 0 3 0 0 0 0 0 0 0 0 0 0 0 0 0 
7903 1 1 1 0 4 4 1 0 0 0 0 0 0 0 0 0 0 0 0 0 0 
7921 1 1 1 0 1 4 1 1 0 0 0 0 0 0 0 0 0 0 0 0 0 
7923 3 0 0 3 1 4 2 0 0 0 0 0 0 0 0 0 0 0 0 0 0 
7926 6 0 0 2 1 4 3 0 0 0 0 0 0 0 0 0 0 0 0 0 0 
7927 1 1 0 3 2 5 0 0 0 0 0 0 0 0 0 0 0 0 0 0 0 
7932 7 0 1 0 3 4 1 1 0 0 0 0 0 0 0 0 0 0 0 0 0 
7933 1 1 1 0 3 4 2 0 0 0 0 0 0 0 0 0 0 0 0 0 0 
7935 3 0 0 3 4 5 0 0 0 0 0 0 0 0 0 0 0 0 0 0 0 
8115 5 0 0 0 1 5 3 1 0 0 0 0 0 0 0 0 0 0 0 0 0 
8118 7 0 0 0 1 4 3 2 0 0 0 0 0 0 0 0 0 0 0 0 0 
8119 1 1 0 0 1 5 4 0 0 0 0 0 0 0 0 0 0 0 0 0 0 
8125 1 1 1 1 2 0 5 1 0 0 0 0 0 0 0 0 0 0 0 0 0 
8127 5 0 0 0 1 5 6 0 0 0 0 0 0 0 0 0 0 0 0 0 0 
8166 8 0 0 0 2 1 0 6 1 0 0 0 0 0 0 0 0 0 0 0 0 
8167 1 1 0 0 2 1 0 7 0 0 0 0 0 0 0 0 0 0 0 0 0 
8173 1 1 0 0 2 2 5 1 0 0 0 0 0 0 0 0 0 0 0 0 0 
8175 2 0 2 0 2 2 6 0 0 0 0 0 0 0 0 0 0 0 0 0 0 
8187 7 0 0 0 2 3 0 7 0 0 0 0 0 0 0 0 0 0 0 0 0 
8190 7 0 0 0 2 4 5 1 0 0 0 0 0 0 0 0 0 0 0 0 0 
8191 1 1 0 0 2 4 6 0 0 0 0 0 0 0 0 0 0 0 0 0 0 
14043 2 0 2 0 2 0 5 1 0 0 0 0 0 0 0 0 0 0 0 0 0 
14046 3 0 1 1 2 0 6 0 0 0 0 0 0 0 0 0 0 0 0 0 0 
14047 1 1 2 0 2 0 6 0 0 0 0 0 0 0 0 0 0 0 0 0 0 
14067 5 0 0 1 1 5 2 1 0 0 0 0 0 0 0 0 0 0 0 0 0 
14070 7 0 0 1 1 4 2 2 0 0 0 0 0 0 0 0 0 0 0 0 0 
14071 1 1 0 1 1 5 3 0 0 0 0 0 0 0 0 0 0 0 0 0 0 
14077 1 1 0 2 2 0 5 1 0 0 0 0 0 0 0 0 0 0 0 0 0 
14079 2 0 2 2 2 0 6 0 0 0 0 0 0 0 0 0 0 0 0 0 0 
14262 3 0 1 1 3 4 1 0 0 0 0 0 0 0 0 0 0 0 0 0 0 
14263 1 1 2 0 3 4 1 0 0 0 0 0 0 0 0 0 0 0 0 0 0 
14269 1 1 1 1 3 5 0 0 0 0 0 0 0 0 0 0 0 0 0 0 0 
14271 3 0 1 3 3 5 0 0 0 0 0 0 0 0 0 0 0 0 0 0 0 
14310 8 0 0 1 2 0 0 6 1 0 0 0 0 0 0 0 0 0 0 0 0 
14311 1 1 0 1 2 0 0 7 0 0 0 0 0 0 0 0 0 0 0 0 0 
14317 1 1 0 1 2 1 5 1 0 0 0 0 0 0 0 0 0 0 0 0 0 
14319 2 0 2 1 2 1 6 0 0 0 0 0 0 0 0 0 0 0 0 0 0 
14331 2 0 2 2 3 4 1 0 0 0 0 0 0 0 0 0 0 0 0 0 0 
14334 6 0 1 1 2 4 4 0 0 0 0 0 0 0 0 0 0 0 0 0 0 
14335 1 1 2 2 3 5 0 0 0 0 0 0 0 0 0 0 0 0 0 0 0 
15793 1 1 1 0 1 3 0 2 1 0 0 0 0 0 0 0 0 0 0 0 0 
15795 3 0 0 3 1 3 0 3 0 0 0 0 0 0 0 0 0 0 0 0 0 
15798 7 0 0 2 1 3 0 4 0 0 0 0 0 0 0 0 0 0 0 0 0 
15799 1 1 0 3 2 4 1 0 0 0 0 0 0 0 0 0 0 0 0 0 0 
15804 8 0 1 0 3 3 0 2 1 0 0 0 0 0 0 0 0 0 0 0 0 
15805 1 1 1 0 3 3 0 3 0 0 0 0 0 0 0 0 0 0 0 0 0 
15807 3 0 0 3 4 4 1 0 0 0 0 0 0 0 0 0 0 0 0 0 0 
15843 3 0 0 3 1 4 1 1 0 0 0 0 0 0 0 0 0 0 0 0 0 
15846 7 0 0 2 0 3 1 4 0 0 0 0 0 0 0 0 0 0 0 0 0 
15847 1 1 0 3 1 4 2 0 0 0 0 0 0 0 0 0 0 0 0 0 0 
15852 7 0 0 2 1 4 2 1 0 0 0 0 0 0 0 0 0 0 0 0 0 
15853 1 1 0 2 1 4 3 0 0 0 0 0 0 0 0 0 0 0 0 0 0 
15855 2 0 2 3 2 5 0 0 0 0 0 0 0 0 0 0 0 0 0 0 0 
15865 1 1 1 0 3 4 1 1 0 0 0 0 0 0 0 0 0 0 0 0 0 
15867 3 0 0 3 3 4 2 0 0 0 0 0 0 0 0 0 0 0 0 0 0 
15870 6 0 0 2 3 4 3 0 0 0 0 0 0 0 0 0 0 0 0 0 0 
15871 1 1 0 3 4 5 0 0 0 0 0 0 0 0 0 0 0 0 0 0 0 
16230 8 0 0 0 1 4 2 0 3 0 0 0 0 0 0 0 0 0 0 0 0 
16231 1 1 0 0 1 5 3 1 0 0 0 0 0 0 0 0 0 0 0 0 0 
16236 8 0 0 0 1 4 3 1 1 0 0 0 0 0 0 0 0 0 0 0 0 
16237 1 1 0 0 1 4 3 2 0 0 0 0 0 0 0 0 0 0 0 0 0 
16239 2 0 2 0 1 5 4 0 0 0 0 0 0 0 0 0 0 0 0 0 0 
16251 5 0 0 0 1 5 5 1 0 0 0 0 0 0 0 0 0 0 0 0 0 
16254 7 0 0 0 1 4 5 2 0 0 0 0 0 0 0 0 0 0 0 0 0 
16255 1 1 0 0 1 5 6 0 0 0 0 0 0 0 0 0 0 0 0 0 0 
16333 1 1 0 0 2 1 0 6 1 0 0 0 0 0 0 0 0 0 0 0 0 
16335 2 0 2 0 2 1 0 7 0 0 0 0 0 0 0 0 0 0 0 0 0 
16347 2 0 2 0 2 2 5 1 0 0 0 0 0 0 0 0 0 0 0 0 0 
16350 3 0 1 1 2 2 6 0 0 0 0 0 0 0 0 0 0 0 0 0 0 
16351 1 1 2 0 2 2 6 0 0 0 0 0 0 0 0 0 0 0 0 0 0 
16374 8 0 0 0 2 3 0 6 1 0 0 0 0 0 0 0 0 0 0 0 0 
16375 1 1 0 0 2 3 0 7 0 0 0 0 0 0 0 0 0 0 0 0 0 
16381 1 1 0 0 2 4 5 1 0 0 0 0 0 0 0 0 0 0 0 0 0 
16383 2 0 2 0 2 4 6 0 0 0 0 0 0 0 0 0 0 0 0 0 0 
28086 3 0 1 1 2 0 5 1 0 0 0 0 0 0 0 0 0 0 0 0 0 
28087 1 1 2 0 2 0 5 1 0 0 0 0 0 0 0 0 0 0 0 0 0 
28093 1 1 1 1 2 0 6 0 0 0 0 0 0 0 0 0 0 0 0 0 0 
28095 3 0 1 3 2 0 6 0 0 0 0 0 0 0 0 0 0 0 0 0 0 
28134 8 0 0 1 1 4 1 0 3 0 0 0 0 0 0 0 0 0 0 0 0 
28135 1 1 0 1 1 5 2 1 0 0 0 0 0 0 0 0 0 0 0 0 0 
28140 8 0 0 1 1 4 2 1 1 0 0 0 0 0 0 0 0 0 0 0 0 
28141 1 1 0 1 1 4 2 2 0 0 0 0 0 0 0 0 0 0 0 0 0 
28143 2 0 2 1 1 5 3 0 0 0 0 0 0 0 0 0 0 0 0 0 0 
28155 2 0 2 2 2 0 5 1 0 0 0 0 0 0 0 0 0 0 0 0 0 
28158 5 0 1 1 1 3 6 0 0 0 0 0 0 0 0 0 0 0 0 0 0 
28159 1 1 2 2 2 0 6 0 0 0 0 0 0 0 0 0 0 0 0 0 0 
28525 1 1 1 1 3 4 1 0 0 0 0 0 0 0 0 0 0 0 0 0 0 
28527 3 0 1 3 3 4 1 0 0 0 0 0 0 0 0 0 0 0 0 0 0 
28539 6 0 0 0 2 4 6 0 0 0 0 0 0 0 0 0 0 0 0 0 0 
28542 6 0 1 2 2 4 3 0 0 0 0 0 0 0 0 0 0 0 0 0 0 
28543 1 1 1 3 3 5 0 0 0 0 0 0 0 0 0 0 0 0 0 0 0 
28621 1 1 0 1 2 0 0 6 1 0 0 0 0 0 0 0 0 0 0 0 0 
28623 2 0 2 1 2 0 0 7 0 0 0 0 0 0 0 0 0 0 0 0 0 
28635 2 0 2 1 2 1 5 1 0 0 0 0 0 0 0 0 0 0 0 0 0 
28638 7 0 1 0 1 0 5 5 0 0 0 0 0 0 0 0 0 0 0 0 0 
28639 1 1 2 1 2 1 6 0 0 0 0 0 0 0 0 0 0 0 0 0 0 
28662 7 0 1 1 2 3 0 5 0 0 0 0 0 0 0 0 0 0 0 0 0 
28663 1 1 2 2 3 4 1 0 0 0 0 0 0 0 0 0 0 0 0 0 0 
28668 7 0 1 1 2 4 3 1 0 0 0 0 0 0 0 0 0 0 0 0 0 
28669 1 1 1 1 2 4 4 0 0 0 0 0 0 0 0 0 0 0 0 0 0 
28671 6 0 1 1 2 4 6 0 0 0 0 0 0 0 0 0 0 0 0 0 0 
31587 3 0 0 3 1 3 0 2 1 0 0 0 0 0 0 0 0 0 0 0 0 
31590 6 0 0 2 0 2 3 3 0 0 0 0 0 0 0 0 0 0 0 0 0 
31591 1 1 0 3 1 3 0 3 0 0 0 0 0 0 0 0 0 0 0 0 0 
31596 8 0 0 2 1 3 0 3 1 0 0 0 0 0 0 0 0 0 0 0 0 
31597 1 1 0 2 1 3 0 4 0 0 0 0 0 0 0 0 0 0 0 0 0 
31599 2 0 2 3 2 4 1 0 0 0 0 0 0 0 0 0 0 0 0 0 0 
31609 1 1 1 0 3 3 0 2 1 0 0 0 0 0 0 0 0 0 0 0 0 
31611 3 0 0 3 3 3 0 3 0 0 0 0 0 0 0 0 0 0 0 0 0 
31614 7 0 0 2 3 3 0 4 0 0 0 0 0 0 0 0 0 0 0 0 0 
31615 1 1 0 3 4 4 1 0 0 0 0 0 0 0 0 0 0 0 0 0 0 
31686 8 0 0 2 0 3 0 0 5 0 0 0 0 0 0 0 0 0 0 0 0 
31687 1 1 0 3 1 4 1 1 0 0 0 0 0 0 0 0 0 0 0 0 0 
31692 8 0 0 2 0 3 1 3 1 0 0 0 0 0 0 0 0 0 0 0 0 
31693 1 1 0 2 0 3 1 4 0 0 0 0 0 0 0 0 0 0 0 0 0 
31695 2 0 2 3 1 4 2 0 0 0 0 0 0 0 0 0 0 0 0 0 0 
31705 1 1 0 2 1 4 2 1 0 0 0 0 0 0 0 0 0 0 0 0 0 
31707 2 0 2 2 1 4 3 0 0 0 0 0 0 0 0 0 0 0 0 0 0 
31710 6 0 1 2 1 4 4 0 0 0 0 0 0 0 0 0 0 0 0 0 0 
31711 1 1 2 3 2 5 0 0 0 0 0 0 0 0 0 0 0 0 0 0 0 
31731 3 0 0 3 3 4 1 1 0 0 0 0 0 0 0 0 0 0 0 0 0 
31734 7 0 0 2 2 3 1 4 0 0 0 0 0 0 0 0 0 0 0 0 0 
31735 1 1 0 3 3 4 2 0 0 0 0 0 0 0 0 0 0 0 0 0 0 
31740 7 0 0 2 3 4 2 1 0 0 0 0 0 0 0 0 0 0 0 0 0 
31741 1 1 0 2 3 4 3 0 0 0 0 0 0 0 0 0 0 0 0 0 0 
31743 2 0 2 3 4 5 0 0 0 0 0 0 0 0 0 0 0 0 0 0 0 
32460 9 0 0 0 1 4 2 0 2 1 0 0 0 0 0 0 0 0 0 0 0 
32461 1 1 0 0 1 4 2 0 3 0 0 0 0 0 0 0 0 0 0 0 0 
32463 2 0 2 0 1 5 3 1 0 0 0 0 0 0 0 0 0 0 0 0 0 
32473 1 1 0 0 1 4 3 1 1 0 0 0 0 0 0 0 0 0 0 0 0 
32475 2 0 2 0 1 4 3 2 0 0 0 0 0 0 0 0 0 0 0 0 0 
32478 3 0 1 1 1 5 4 0 0 0 0 0 0 0 0 0 0 0 0 0 0 
32479 1 1 2 0 1 5 4 0 0 0 0 0 0 0 0 0 0 0 0 0 0 
32502 8 0 0 0 1 4 4 0 3 0 0 0 0 0 0 0 0 0 0 0 0 
32503 1 1 0 0 1 5 5 1 0 0 0 0 0 0 0 0 0 0 0 0 0 
32508 8 0 0 0 1 4 5 1 1 0 0 0 0 0 0 0 0 0 0 0 0 
32509 1 1 0 0 1 4 5 2 0 0 0 0 0 0 0 0 0 0 0 0 0 
32511 2 0 2 0 1 5 6 0 0 0 0 0 0 0 0 0 0 0 0 0 0 
32667 2 0 2 0 2 1 0 6 1 0 0 0 0 0 0 0 0 0 0 0 0 
32670 3 0 1 1 2 1 0 7 0 0 0 0 0 0 0 0 0 0 0 0 0 
32671 1 1 2 0 2 1 0 7 0 0 0 0 0 0 0 0 0 0 0 0 0 
32694 3 0 1 1 2 2 5 1 0 0 0 0 0 0 0 0 0 0 0 0 0 
32695 1 1 2 0 2 2 5 1 0 0 0 0 0 0 0 0 0 0 0 0 0 
32701 1 1 1 1 2 2 6 0 0 0 0 0 0 0 0 0 0 0 0 0 0 
32703 3 0 1 3 2 2 6 0 0 0 0 0 0 0 0 0 0 0 0 0 0 
32749 1 1 0 0 2 3 0 6 1 0 0 0 0 0 0 0 0 0 0 0 0 
32751 2 0 2 0 2 3 0 7 0 0 0 0 0 0 0 0 0 0 0 0 0 
32763 2 0 2 0 2 4 5 1 0 0 0 0 0 0 0 0 0 0 0 0 0 
32766 3 0 1 1 2 4 6 0 0 0 0 0 0 0 0 0 0 0 0 0 0 
32767 1 1 2 0 2 4 6 0 0 0 0 0 0 0 0 0 0 0 0 0 0 
56173 1 1 1 1 2 0 5 1 0 0 0 0 0 0 0 0 0 0 0 0 0 
56175 3 0 1 3 2 0 5 1 0 0 0 0 0 0 0 0 0 0 0 0 0 
56187 5 0 0 0 1 5 6 0 0 0 0 0 0 0 0 0 0 0 0 0 0 
56190 5 0 1 2 1 2 6 0 0 0 0 0 0 0 0 0 0 0 0 0 0 
56191 1 1 1 3 2 0 6 0 0 0 0 0 0 0 0 0 0 0 0 0 0 
56268 9 0 0 1 1 4 1 0 2 1 0 0 0 0 0 0 0 0 0 0 0 
56269 1 1 0 1 1 4 1 0 3 0 0 0 0 0 0 0 0 0 0 0 0 
56271 2 0 2 1 1 5 2 1 0 0 0 0 0 0 0 0 0 0 0 0 0 
56281 1 1 0 1 1 4 2 1 1 0 0 0 0 0 0 0 0 0 0 0 0 
56283 2 0 2 1 1 4 2 2 0 0 0 0 0 0 0 0 0 0 0 0 0 
56286 7 0 1 0 0 4 2 5 0 0 0 0 0 0 0 0 0 0 0 0 0 
56287 1 1 2 1 1 5 3 0 0 0 0 0 0 0 0 0 0 0 0 0 0 
56310 5 0 1 1 1 3 5 1 0 0 0 0 0 0 0 0 0 0 0 0 0 
56311 1 1 2 2 2 0 5 1 0 0 0 0 0 0 0 0 0 0 0 0 0 
56316 7 0 1 1 1 2 5 2 0 0 0 0 0 0 0 0 0 0 0 0 0 
56317 1 1 1 1 1 3 6 0 0 0 0 0 0 0 0 0 0 0 0 0 0 
56319 5 0 1 1 1 5 6 0 0 0 0 0 0 0 0 0 0 0 0 0 0 
57051 7 0 0 0 2 3 0 7 0 0 0 0 0 0 0 0 0 0 0 0 0 
57054 7 0 1 2 2 3 0 4 0 0 0 0 0 0 0 0 0 0 0 0 0 
57055 1 1 1 3 3 4 1 0 0 0 0 0 0 0 0 0 0 0 0 0 0 
57078 7 0 0 0 2 4 5 1 0 0 0 0 0 0 0 0 0 0 0 0 0 
57079 1 1 0 0 2 4 6 0 0 0 0 0 0 0 0 0 0 0 0 0 0 
57084 7 0 1 2 2 4 2 1 0 0 0 0 0 0 0 0 0 0 0 0 0 
57085 1 1 1 2 2 4 3 0 0 0 0 0 0 0 0 0 0 0 0 0 0 
57087 6 0 0 2 2 4 6 0 0 0 0 0 0 0 0 0 0 0 0 0 0 
57243 2 0 2 1 2 0 0 6 1 0 0 0 0 0 0 0 0 0 0 0 0 
57246 5 0 1 0 1 3 0 7 0 0 0 0 0 0 0 0 0 0 0 0 0 
57247 1 1 2 1 2 0 0 7 0 0 0 0 0 0 0 0 0 0 0 0 0 
57270 8 0 1 0 1 0 4 0 6 0 0 0 0 0 0 0 0 0 0 0 0 
57271 1 1 2 1 2 1 5 1 0 0 0 0 0 0 0 0 0 0 0 0 0 
57276 8 0 1 0 1 0 5 4 1 0 0 0 0 0 0 0 0 0 0 0 0 
57277 1 1 1 0 1 0 5 5 0 0 0 0 0 0 0 0 0 0 0 0 0 
57279 7 0 1 0 1 0 5 7 0 0 0 0 0 0 0 0 0 0 0 0 0 
57324 8 0 1 1 2 3 0 4 1 0 0 0 0 0 0 0 0 0 0 0 0 
57325 1 1 1 1 2 3 0 5 0 0 0 0 0 0 0 0 0 0 0 0 0 
57327 7 0 1 1 2 3 0 7 0 0 0 0 0 0 0 0 0 0 0 0 0 
57337 1 1 1 1 2 4 3 1 0 0 0 0 0 0 0 0 0 0 0 0 0 
57339 7 0 0 0 1 3 3 7 0 0 0 0 0 0 0 0 0 0 0 0 0 
57342 7 0 1 1 2 4 5 1 0 0 0 0 0 0 0 0 0 0 0 0 0 
57343 1 1 1 1 2 4 6 0 0 0 0 0 0 0 0 0 0 0 0 0 0 
63174 6 0 0 2 0 2 3 2 1 0 0 0 0 0 0 0 0 0 0 0 0 
63175 1 1 0 3 1 3 0 2 1 0 0 0 0 0 0 0 0 0 0 0 0 
63180 8 0 0 2 0 2 2 2 2 0 0 0 0 0 0 0 0 0 0 0 0 
63181 1 1 0 2 0 2 3 3 0 0 0 0 0 0 0 0 0 0 0 0 0 
63183 2 0 2 3 1 3 0 3 0 0 0 0 0 0 0 0 0 0 0 0 0 
63193 1 1 0 2 1 3 0 3 1 0 0 0 0 0 0 0 0 0 0 0 0 
63195 2 0 2 2 1 3 0 4 0 0 0 0 0 0 0 0 0 0 0 0 0 
63198 7 0 1 2 1 3 0 5 0 0 0 0 0 0 0 0 0 0 0 0 0 
63199 1 1 2 3 2 4 1 0 0 0 0 0 0 0 0 0 0 0 0 0 0 
63219 3 0 0 3 3 3 0 2 1 0 0 0 0 0 0 0 0 0 0 0 0 
63222 6 0 0 2 2 2 3 3 0 0 0 0 0 0 0 0 0 0 0 0 0 
63223 1 1 0 3 3 3 0 3 0 0 0 0 0 0 0 0 0 0 0 0 0 
63228 8 0 0 2 3 3 0 3 1 0 0 0 0 0 0 0 0 0 0 0 0 
63229 1 1 0 2 3 3 0 4 0 0 0 0 0 0 0 0 0 0 0 0 0 
63231 2 0 2 3 4 4 1 0 0 0 0 0 0 0 0 0 0 0 0 0 0 
63372 9 0 0 2 0 3 0 0 4 1 0 0 0 0 0 0 0 0 0 0 0 
63373 1 1 0 2 0 3 0 0 5 0 0 0 0 0 0 0 0 0 0 0 0 
63375 2 0 2 3 1 4 1 1 0 0 0 0 0 0 0 0 0 0 0 0 0 
63385 1 1 0 2 0 3 1 3 1 0 0 0 0 0 0 0 0 0 0 0 0 
63387 2 0 2 2 0 3 1 4 0 0 0 0 0 0 0 0 0 0 0 0 0 
63390 7 0 1 2 0 3 1 5 0 0 0 0 0 0 0 0 0 0 0 0 0 
63391 1 1 2 3 1 4 2 0 0 0 0 0 0 0 0 0 0 0 0 0 0 
63411 2 0 2 2 1 4 2 1 0 0 0 0 0 0 0 0 0 0 0 0 0 
63414 7 0 1 1 0 3 2 5 0 0 0 0 0 0 0 0 0 0 0 0 0 
63415 1 1 2 2 1 4 3 0 0 0 0 0 0 0 0 0 0 0 0 0 0 
63420 7 0 1 2 1 4 3 1 0 0 0 0 0 0 0 0 0 0 0 0 0 
63421 1 1 1 2 1 4 4 0 0 0 0 0 0 0 0 0 0 0 0 0 0 
63423 6 0 1 2 1 4 6 0 0 0 0 0 0 0 0 0 0 0 0 0 0 
63462 8 0 0 2 2 3 0 0 5 0 0 0 0 0 0 0 0 0 0 0 0 
63463 1 1 0 3 3 4 1 1 0 0 0 0 0 0 0 0 0 0 0 0 0 
63468 8 0 0 2 2 3 1 3 1 0 0 0 0 0 0 0 0 0 0 0 0 
63469 1 1 0 2 2 3 1 4 0 0 0 0 0 0 0 0 0 0 0 0 0 
63471 2 0 2 3 3 4 2 0 0 0 0 0 0 0 0 0 0 0 0 0 0 
63481 1 1 0 2 3 4 2 1 0 0 0 0 0 0 0 0 0 0 0 0 0 
63483 2 0 2 2 3 4 3 0 0 0 0 0 0 0 0 0 0 0 0 0 0 
63486 6 0 1 2 3 4 4 0 0 0 0 0 0 0 0 0 0 0 0 0 0 
63487 1 1 2 3 4 5 0 0 0 0 0 0 0 0 0 0 0 0 0 0 0 
64921 1 1 0 0 1 4 2 0 2 1 0 0 0 0 0 0 0 0 0 0 0 
64923 2 0 2 0 1 4 2 0 3 0 0 0 0 0 0 0 0 0 0 0 0 
64926 3 0 1 1 1 5 3 1 0 0 0 0 0 0 0 0 0 0 0 0 0 
64927 1 1 2 0 1 5 3 1 0 0 0 0 0 0 0 0 0 0 0 0 0 
64947 2 0 2 0 1 4 3 1 1 0 0 0 0 0 0 0 0 0 0 0 0 
64950 3 0 1 1 1 4 3 2 0 0 0 0 0 0 0 0 0 0 0 0 0 
64951 1 1 2 0 1 4 3 2 0 0 0 0 0 0 0 0 0 0 0 0 0 
64957 1 1 1 1 1 5 4 0 0 0 0 0 0 0 0 0 0 0 0 0 0 
64959 3 0 1 3 1 5 4 0 0 0 0 0 0 0 0 0 0 0 0 0 0 
65004 9 0 0 0 1 4 4 0 2 1 0 0 0 0 0 0 0 0 0 0 0 
65005 1 1 0 0 1 4 4 0 3 0 0 0 0 0 0 0 0 0 0 0 0 
65007 2 0 2 0 1 5 5 1 0 0 0 0 0 0 0 0 0 0 0 0 0 
65017 1 1 0 0 1 4 5 1 1 0 0 0 0 0 0 0 0 0 0 0 0 
65019 2 0 2 0 1 4 5 2 0 0 0 0 0 0 0 0 0 0 0 0 0 
65022 3 0 1 1 1 5 6 0 0 0 0 0 0 0 0 0 0 0 0 0 0 
65023 1 1 2 0 1 5 6 0 0 0 0 0 0 0 0 0 0 0 0 0 0 
65334 3 0 1 1 2 1 0 6 1 0 0 0 0 0 0 0 0 0 0 0 0 
65335 1 1 2 0 2 1 0 6 1 0 0 0 0 0 0 0 0 0 0 0 0 
65341 1 1 1 1 2 1 0 7 0 0 0 0 0 0 0 0 0 0 0 0 0 
65343 3 0 1 3 2 1 0 7 0 0 0 0 0 0 0 0 0 0 0 0 0 
65389 1 1 1 1 2 2 5 1 0 0 0 0 0 0 0 0 0 0 0 0 0 
65391 3 0 1 3 2 2 5 1 0 0 0 0 0 0 0 0 0 0 0 0 0 
65403 7 0 0 0 1 1 5 7 0 0 0 0 0 0 0 0 0 0 0 0 0 
65406 7 0 1 2 1 1 5 4 0 0 0 0 0 0 0 0 0 0 0 0 0 
65407 1 1 1 3 2 2 6 0 0 0 0 0 0 0 0 0 0 0 0 0 0 
65499 2 0 2 0 2 3 0 6 1 0 0 0 0 0 0 0 0 0 0 0 0 
65502 3 0 1 1 2 3 0 7 0 0 0 0 0 0 0 0 0 0 0 0 0 
65503 1 1 2 0 2 3 0 7 0 0 0 0 0 0 0 0 0 0 0 0 0 
65526 3 0 1 1 2 4 5 1 0 0 0 0 0 0 0 0 0 0 0 0 0 
65527 1 1 2 0 2 4 5 1 0 0 0 0 0 0 0 0 0 0 0 0 0 
65533 1 1 1 1 2 4 6 0 0 0 0 0 0 0 0 0 0 0 0 0 0 
65535 3 0 1 3 2 4 6 0 0 0 0 0 0 0 0 0 0 0 0 0 0 
112347 5 0 0 0 1 5 5 1 0 0 0 0 0 0 0 0 0 0 0 0 0 
112350 5 0 1 2 1 2 5 1 0 0 0 0 0 0 0 0 0 0 0 0 0 
112351 1 1 1 3 2 0 5 1 0 0 0 0 0 0 0 0 0 0 0 0 0 
112374 7 0 0 0 1 4 5 2 0 0 0 0 0 0 0 0 0 0 0 0 0 
112375 1 1 0 0 1 5 6 0 0 0 0 0 0 0 0 0 0 0 0 0 0 
112380 7 0 1 2 1 1 5 2 0 0 0 0 0 0 0 0 0 0 0 0 0 
112381 1 1 1 2 1 2 6 0 0 0 0 0 0 0 0 0 0 0 0 0 0 
112383 5 0 0 2 1 5 6 0 0 0 0 0 0 0 0 0 0 0 0 0 0 
112537 1 1 0 1 1 4 1 0 2 1 0 0 0 0 0 0 0 0 0 0 0 
112539 2 0 2 1 1 4 1 0 3 0 0 0 0 0 0 0 0 0 0 0 0 
112542 8 0 1 0 0 4 1 0 6 0 0 0 0 0 0 0 0 0 0 0 0 
112543 1 1 2 1 1 5 2 1 0 0 0 0 0 0 0 0 0 0 0 0 0 
112563 2 0 2 1 1 4 2 1 1 0 0 0 0 0 0 0 0 0 0 0 0 
112566 8 0 1 0 0 3 1 1 6 0 0 0 0 0 0 0 0 0 0 0 0 
112567 1 1 2 1 1 4 2 2 0 0 0 0 0 0 0 0 0 0 0 0 0 
112572 8 0 1 0 0 4 2 4 1 0 0 0 0 0 0 0 0 0 0 0 0 
112573 1 1 1 0 0 4 2 5 0 0 0 0 0 0 0 0 0 0 0 0 0 
112575 7 0 1 0 0 4 2 7 0 0 0 0 0 0 0 0 0 0 0 0 0 
112620 8 0 1 1 1 2 4 0 3 0 0 0 0 0 0 0 0 0 0 0 0 
112621 1 1 1 1 1 3 5 1 0 0 0 0 0 0 0 0 0 0 0 0 0 
112623 5 0 1 1 1 5 5 1 0 0 0 0 0 0 0 0 0 0 0 0 0 
112632 8 0 1 1 1 2 5 1 1 0 0 0 0 0 0 0 0 0 0 0 0 
112633 1 1 1 1 1 2 5 2 0 0 0 0 0 0 0 0 0 0 0 0 0 
112635 7 0 0 0 0 2 5 7 0 0 0 0 0 0 0 0 0 0 0 0 0 
112638 7 0 1 1 1 4 5 2 0 0 0 0 0 0 0 0 0 0 0 0 0 
112639 1 1 1 1 1 5 6 0 0 0 0 0 0 0 0 0 0 0 0 0 0 
114102 8 0 0 0 2 3 0 6 1 0 0 0 0 0 0 0 0 0 0 0 0 
114103 1 1 0 0 2 3 0 7 0 0 0 0 0 0 0 0 0 0 0 0 0 
114108 8 0 1 2 2 3 0 3 1 0 0 0 0 0 0 0 0 0 0 0 0 
114109 1 1 1 2 2 3 0 4 0 0 0 0 0 0 0 0 0 0 0 0 0 
114111 7 0 0 2 2 3 0 7 0 0 0 0 0 0 0 0 0 0 0 0 0 
114157 1 1 0 0 2 4 5 1 0 0 0 0 0 0 0 0 0 0 0 0 0 
114159 2 0 2 0 2 4 6 0 0 0 0 0 0 0 0 0 0 0 0 0 0 
114169 1 1 1 2 2 4 2 1 0 0 0 0 0 0 0 0 0 0 0 0 0 
114171 7 0 0 1 1 3 2 7 0 0 0 0 0 0 0 0 0 0 0 0 0 
114174 7 0 0 2 2 4 5 1 0 0 0 0 0 0 0 0 0 0 0 0 0 
114175 1 1 0 2 2 4 6 0 0 0 0 0 0 0 0 0 0 0 0 0 0 
114486 5 0 1 0 1 3 0 6 1 0 0 0 0 0 0 0 0 0 0 0 0 
114487 1 1 2 1 2 0 0 6 1 0 0 0 0 0 0 0 0 0 0 0 0 
114492 6 0 1 0 1 2 1 7 0 0 0 0 0 0 0 0 0 0 0 0 0 
114493 1 1 1 0 1 3 0 7 0 0 0 0 0 0 0 0 0 0 0 0 0 
114495 5 0 1 0 1 5 0 7 0 0 0 0 0 0 0 0 0 0 0 0 0 
114540 9 0 1 0 1 0 4 0 5 1 0 0 0 0 0 0 0 0 0 0 0 
114541 1 1 1 0 1 0 4 0 6 0 0 0 0 0 0 0 0 0 0 0 0 
114543 8 0 1 0 1 0 4 0 8 0 0 0 0 0 0 0 0 0 0 0 0 
114553 1 1 1 0 1 0 5 4 1 0 0 0 0 0 0 0 0 0 0 0 0 
114555 3 0 0 3 1 0 5 5 0 0 0 0 0 0 0 0 0 0 0 0 0 
114558 8 0 1 0 1 0 5 6 1 0 0 0 0 0 0 0 0 0 0 0 0 
114559 1 1 1 0 1 0 5 7 0 0 0 0 0 0 0 0 0 0 0 0 0 
114649 1 1 1 1 2 3 0 4 1 0 0 0 0 0 0 0 0 0 0 0 0 
114651 6 0 0 0 1 2 6 5 0 0 0 0 0 0 0 0 0 0 0 0 0 
114654 8 0 1 1 2 3 0 6 1 0 0 0 0 0 0 0 0 0 0 0 0 
114655 1 1 1 1 2 3 0 7 0 0 0 0 0 0 0 0 0 0 0 0 0 
114675 8 0 0 0 1 3 2 0 8 0 0 0 0 0 0 0 0 0 0 0 0 
114678 8 0 0 0 1 3 3 6 1 0 0 0 0 0 0 0 0 0 0 0 0 
114679 1 1 0 0 1 3 3 7 0 0 0 0 0 0 0 0 0 0 0 0 0 
114685 1 1 1 1 2 4 5 1 0 0 0 0 0 0 0 0 0 0 0 0 0 
114687 7 0 0 0 1 3 5 7 0 0 0 0 0 0 0 0 0 0 0 0 0 
126348 9 0 0 2 0 2 2 1 0 3 0 0 0 0 0 0 0 0 0 0 0 
126349 1 1 0 2 0 2 3 2 1 0 0 0 0 0 0 0 0 0 0 0 0 
126351 2 0 2 3 1 3 0 2 1 0 0 0 0 0 0 0 0 0 0 0 0 
126360 9 0 0 2 0 2 2 2 1 1 0 0 0 0 0 0 0 0 0 0 0 
126361 1 1 0 2 0 2 2 2 2 0 0 0 0 0 0 0 0 0 0 0 0 
126363 2 0 2 2 0 2 3 3 0 0 0 0 0 0 0 0 0 0 0 0 0 
126366 6 0 1 2 0 2 4 3 0 0 0 0 0 0 0 0 0 0 0 0 0 
126367 1 1 2 3 1 3 0 3 0 0 0 0 0 0 0 0 0 0 0 0 0 
126387 2 0 2 2 1 3 0 3 1 0 0 0 0 0 0 0 0 0 0 0 0 
126390 6 0 1 1 0 2 4 4 0 0 0 0 0 0 0 0 0 0 0 0 0 
126391 1 1 2 2 1 3 0 4 0 0 0 0 0 0 0 0 0 0 0 0 0 
126396 8 0 1 2 1 3 0 4 1 0 0 0 0 0 0 0 0 0 0 0 0 
126397 1 1 1 2 1 3 0 5 0 0 0 0 0 0 0 0 0 0 0 0 0 
126399 7 0 1 2 1 3 0 7 0 0 0 0 0 0 0 0 0 0 0 0 0 
126438 6 0 0 2 2 2 3 2 1 0 0 0 0 0 0 0 0 0 0 0 0 
126439 1 1 0 3 3 3 0 2 1 0 0 0 0 0 0 0 0 0 0 0 0 
126444 8 0 0 2 2 2 2 2 2 0 0 0 0 0 0 0 0 0 0 0 0 
126445 1 1 0 2 2 2 3 3 0 0 0 0 0 0 0 0 0 0 0 0 0 
126447 2 0 2 3 3 3 0 3 0 0 0 0 0 0 0 0 0 0 0 0 0 
126457 1 1 0 2 3 3 0 3 1 0 0 0 0 0 0 0 0 0 0 0 0 
126459 2 0 2 2 3 3 0 4 0 0 0 0 0 0 0 0 0 0 0 0 0 
126462 7 0 1 2 3 3 0 5 0 0 0 0 0 0 0 0 0 0 0 0 0 
126463 1 1 2 3 4 4 1 0 0 0 0 0 0 0 0 0 0 0 0 0 0 
126745 1 1 0 2 0 3 0 0 4 1 0 0 0 0 0 0 0 0 0 0 0 
126747 2 0 2 2 0 3 0 0 5 0 0 0 0 0 0 0 0 0 0 0 0 
126750 8 0 1 2 0 3 0 0 6 0 0 0 0 0 0 0 0 0 0 0 0 
126751 1 1 2 3 1 4 1 1 0 0 0 0 0 0 0 0 0 0 0 0 0 
126771 2 0 2 2 0 3 1 3 1 0 0 0 0 0 0 0 0 0 0 0 0 
126774 4 0 1 1 2 3 1 4 0 0 0 0 0 0 0 0 0 0 0 0 0 
126775 1 1 2 2 0 3 1 4 0 0 0 0 0 0 0 0 0 0 0 0 0 
126780 8 0 1 2 0 3 1 4 1 0 0 0 0 0 0 0 0 0 0 0 0 
126781 1 1 1 2 0 3 1 5 0 0 0 0 0 0 0 0 0 0 0 0 0 
126783 7 0 1 2 0 3 1 7 0 0 0 0 0 0 0 0 0 0 0 0 0 
126822 8 0 1 1 0 3 1 0 6 0 0 0 0 0 0 0 0 0 0 0 0 
126823 1 1 2 2 1 4 2 1 0 0 0 0 0 0 0 0 0 0 0 0 0 
126828 8 0 1 1 0 3 2 4 1 0 0 0 0 0 0 0 0 0 0 0 0 
126829 1 1 1 1 0 3 2 5 0 0 0 0 0 0 0 0 0 0 0 0 0 
126831 7 0 1 1 0 3 2 7 0 0 0 0 0 0 0 0 0 0 0 0 0 
126841 1 1 1 2 1 4 3 1 0 0 0 0 0 0 0 0 0 0 0 0 0 
126843 7 0 0 1 0 3 3 7 0 0 0 0 0 0 0 0 0 0 0 0 0 
126846 7 0 1 2 1 4 5 1 0 0 0 0 0 0 0 0 0 0 0 0 0 
126847 1 1 1 2 1 4 6 0 0 0 0 0 0 0 0 0 0 0 0 0 0 
126924 9 0 0 2 2 3 0 0 4 1 0 0 0 0 0 0 0 0 0 0 0 
126925 1 1 0 2 2 3 0 0 5 0 0 0 0 0 0 0 0 0 0 0 0 
126927 2 0 2 3 3 4 1 1 0 0 0 0 0 0 0 0 0 0 0 0 0 
126937 1 1 0 2 2 3 1 3 1 0 0 0 0 0 0 0 0 0 0 0 0 
126939 2 0 2 2 2 3 1 4 0 0 0 0 0 0 0 0 0 0 0 0 0 
126942 7 0 1 2 2 3 1 5 0 0 0 0 0 0 0 0 0 0 0 0 0 
126943 1 1 2 3 3 4 2 0 0 0 0 0 0 0 0 0 0 0 0 0 0 
126963 2 0 2 2 3 4 2 1 0 0 0 0 0 0 0 0 0 0 0 0 0 
126966 7 0 1 1 2 3 2 5 0 0 0 0 0 0 0 0 0 0 0 0 0 
126967 1 1 2 2 3 4 3 0 0 0 0 0 0 0 0 0 0 0 0 0 0 
126972 7 0 1 2 3 4 3 1 0 0 0 0 0 0 0 0 0 0 0 0 0 
126973 1 1 1 2 3 4 4 0 0 0 0 0 0 0 0 0 0 0 0 0 0 
126975 6 0 1 2 3 4 6 0 0 0 0 0 0 0 0 0 0 0 0 0 0 
129843 2 0 2 0 1 4 2 0 2 1 0 0 0 0 0 0 0 0 0 0 0 
129846 3 0 1 1 1 4 2 0 3 0 0 0 0 0 0 0 0 0 0 0 0 
129847 1 1 2 0 1 4 2 0 3 0 0 0 0 0 0 0 0 0 0 0 0 
129853 1 1 1 1 1 5 3 1 0 0 0 0 0 0 0 0 0 0 0 0 0 
129855 3 0 1 3 1 5 3 1 0 0 0 0 0 0 0 0 0 0 0 0 0 
129894 3 0 1 1 1 4 3 1 1 0 0 0 0 0 0 0 0 0 0 0 0 
129895 1 1 2 0 1 4 3 1 1 0 0 0 0 0 0 0 0 0 0 0 0 
129901 1 1 1 1 1 4 3 2 0 0 0 0 0 0 0 0 0 0 0 0 0 
129903 3 0 1 3 1 4 3 2 0 0 0 0 0 0 0 0 0 0 0 0 0 
129915 7 0 0 0 0 4 3 7 0 0 0 0 0 0 0 0 0 0 0 0 0 
129918 7 0 1 2 0 4 3 4 0 0 0 0 0 0 0 0 0 0 0 0 0 
129919 1 1 1 3 1 5 4 0 0 0 0 0 0 0 0 0 0 0 0 0 0 
130009 1 1 0 0 1 4 4 0 2 1 0 0 0 0 0 0 0 0 0 0 0 
130011 2 0 2 0 1 4 4 0 3 0 0 0 0 0 0 0 0 0 0 0 0 
130014 3 0 1 1 1 5 5 1 0 0 0 0 0 0 0 0 0 0 0 0 0 
130015 1 1 2 0 1 5 5 1 0 0 0 0 0 0 0 0 0 0 0 0 0 
130035 2 0 2 0 1 4 5 1 1 0 0 0 0 0 0 0 0 0 0 0 0 
130038 3 0 1 1 1 4 5 2 0 0 0 0 0 0 0 0 0 0 0 0 0 
130039 1 1 2 0 1 4 5 2 0 0 0 0 0 0 0 0 0 0 0 0 0 
130045 1 1 1 1 1 5 6 0 0 0 0 0 0 0 0 0 0 0 0 0 0 
130047 3 0 1 3 1 5 6 0 0 0 0 0 0 0 0 0 0 0 0 0 0 
130669 1 1 1 1 2 1 0 6 1 0 0 0 0 0 0 0 0 0 0 0 0 
130671 3 0 1 3 2 1 0 6 1 0 0 0 0 0 0 0 0 0 0 0 0 
130683 6 0 0 0 1 0 6 7 0 0 0 0 0 0 0 0 0 0 0 0 0 
130686 6 0 1 2 1 0 3 7 0 0 0 0 0 0 0 0 0 0 0 0 0 
130687 1 1 1 3 2 1 0 7 0 0 0 0 0 0 0 0 0 0 0 0 0 
130779 8 0 0 0 1 1 4 0 8 0 0 0 0 0 0 0 0 0 0 0 0 
130782 8 0 1 2 1 1 4 0 5 0 0 0 0 0 0 0 0 0 0 0 0 
130783 1 1 1 3 2 2 5 1 0 0 0 0 0 0 0 0 0 0 0 0 0 
130806 8 0 0 0 1 1 5 6 1 0 0 0 0 0 0 0 0 0 0 0 0 
130807 1 1 0 0 1 1 5 7 0 0 0 0 0 0 0 0 0 0 0 0 0 
130812 8 0 1 2 1 1 5 3 1 0 0 0 0 0 0 0 0 0 0 0 0 
130813 1 1 1 2 1 1 5 4 0 0 0 0 0 0 0 0 0 0 0 0 0 
130815 7 0 0 2 1 1 5 7 0 0 0 0 0 0 0 0 0 0 0 0 0 
130998 3 0 1 1 2 3 0 6 1 0 0 0 0 0 0 0 0 0 0 0 0 
130999 1 1 2 0 2 3 0 6 1 0 0 0 0 0 0 0 0 0 0 0 0 
131005 1 1 1 1 2 3 0 7 0 0 0 0 0 0 0 0 0 0 0 0 0 
131007 3 0 1 3 2 3 0 7 0 0 0 0 0 0 0 0 0 0 0 0 0 
131053 1 1 1 1 2 4 5 1 0 0 0 0 0 0 0 0 0 0 0 0 0 
131055 3 0 1 3 2 4 5 1 0 0 0 0 0 0 0 0 0 0 0 0 0 
131067 7 0 0 0 1 3 5 7 0 0 0 0 0 0 0 0 0 0 0 0 0 
131070 7 0 1 2 1 3 5 4 0 0 0 0 0 0 0 0 0 0 0 0 0 
131071 1 1 1 3 2 4 6 0 0 0 0 0 0 0 0 0 0 0 0 0 0 
224694 8 0 0 0 1 4 4 0 3 0 0 0 0 0 0 0 0 0 0 0 0 
224695 1 1 0 0 1 5 5 1 0 0 0 0 0 0 0 0 0 0 0 0 0 
224700 8 0 1 2 1 1 4 0 3 0 0 0 0 0 0 0 0 0 0 0 0 
224701 1 1 1 2 1 2 5 1 0 0 0 0 0 0 0 0 0 0 0 0 0 
224703 5 0 0 2 1 5 5 1 0 0 0 0 0 0 0 0 0 0 0 0 0 
224748 8 0 0 0 1 4 5 1 1 0 0 0 0 0 0 0 0 0 0 0 0 
224749 1 1 0 0 1 4 5 2 0 0 0 0 0 0 0 0 0 0 0 0 0 
224751 2 0 2 0 1 5 6 0 0 0 0 0 0 0 0 0 0 0 0 0 0 
224760 8 0 1 2 1 1 5 1 1 0 0 0 0 0 0 0 0 0 0 0 0 
224761 1 1 1 2 1 1 5 2 0 0 0 0 0 0 0 0 0 0 0 0 0 
224763 7 0 0 1 0 1 5 7 0 0 0 0 0 0 0 0 0 0 0 0 0 
224766 7 0 0 2 1 4 5 2 0 0 0 0 0 0 0 0 0 0 0 0 0 
224767 1 1 0 2 1 5 6 0 0 0 0 0 0 0 0 0 0 0 0 0 0 
225075 2 0 2 1 1 4 1 0 2 1 0 0 0 0 0 0 0 0 0 0 0 
225078 7 0 1 0 0 3 0 5 3 0 0 0 0 0 0 0 0 0 0 0 0 
225079 1 1 2 1 1 4 1 0 3 0 0 0 0 0 0 0 0 0 0 0 0 
225084 9 0 1 0 0 4 1 0 5 1 0 0 0 0 0 0 0 0 0 0 0 
225085 1 1 1 0 0 4 1 0 6 0 0 0 0 0 0 0 0 0 0 0 0 
225087 8 0 1 0 0 4 1 0 8 0 0 0 0 0 0 0 0 0 0 0 0 
225126 9 0 1 0 0 3 1 0 0 7 0 0 0 0 0 0 0 0 0 0 0 
225127 1 1 2 1 1 4 2 1 1 0 0 0 0 0 0 0 0 0 0 0 0 
225132 9 0 1 0 0 3 1 1 5 1 0 0 0 0 0 0 0 0 0 0 0 
225133 1 1 1 0 0 3 1 1 6 0 0 0 0 0 0 0 0 0 0 0 0 
225135 8 0 1 0 0 3 1 1 8 0 0 0 0 0 0 0 0 0 0 0 0 
225145 1 1 1 0 0 4 2 4 1 0 0 0 0 0 0 0 0 0 0 0 0 
225147 3 0 0 3 0 4 2 5 0 0 0 0 0 0 0 0 0 0 0 0 0 
225150 8 0 1 0 0 4 2 6 1 0 0 0 0 0 0 0 0 0 0 0 0 
225151 1 1 1 0 0 4 2 7 0 0 0 0 0 0 0 0 0 0 0 0 0 
225240 9 0 1 1 1 2 4 0 2 1 0 0 0 0 0 0 0 0 0 0 0 
225241 1 1 1 1 1 2 4 0 3 0 0 0 0 0 0 0 0 0 0 0 0 
225243 8 0 0 0 0 2 4 0 8 0 0 0 0 0 0 0 0 0 0 0 0 
225246 8 0 1 1 1 4 4 0 3 0 0 0 0 0 0 0 0 0 0 0 0 
225247 1 1 1 1 1 5 5 1 0 0 0 0 0 0 0 0 0 0 0 0 0 
225265 1 1 1 1 1 2 5 1 1 0 0 0 0 0 0 0 0 0 0 0 0 
225267 8 0 0 0 0 1 4 1 8 0 0 0 0 0 0 0 0 0 0 0 0 
225270 8 0 0 0 0 2 5 6 1 0 0 0 0 0 0 0 0 0 0 0 0 
225271 1 1 0 0 0 2 5 7 0 0 0 0 0 0 0 0 0 0 0 0 0 
225276 8 0 1 1 1 4 5 1 1 0 0 0 0 0 0 0 0 0 0 0 0 
225277 1 1 1 1 1 4 5 2 0 0 0 0 0 0 0 0 0 0 0 0 0 
225279 7 0 0 0 0 4 5 7 0 0 0 0 0 0 0 0 0 0 0 0 0 
228205 1 1 0 0 2 3 0 6 1 0 0 0 0 0 0 0 0 0 0 0 0 
228207 2 0 2 0 2 3 0 7 0 0 0 0 0 0 0 0 0 0 0 0 0 
228217 1 1 1 2 2 3 0 3 1 0 0 0 0 0 0 0 0 0 0 0 0 
228219 6 0 0 1 1 2 6 4 0 0 0 0 0 0 0 0 0 0 0 0 0 
228222 8 0 0 2 2 3 0 6 1 0 0 0 0 0 0 0 0 0 0 0 0 
228223 1 1 0 2 2 3 0 7 0 0 0 0 0 0 0 0 0 0 0 0 0 
228315 2 0 2 0 2 4 5 1 0 0 0 0 0 0 0 0 0 0 0 0 0 
228318 3 0 1 1 2 4 6 0 0 0 0 0 0 0 0 0 0 0 0 0 0 
228319 1 1 2 0 2 4 6 0 0 0 0 0 0 0 0 0 0 0 0 0 0 
228339 8 0 0 1 1 3 1 0 8 0 0 0 0 0 0 0 0 0 0 0 0 
228342 8 0 0 1 1 3 2 6 1 0 0 0 0 0 0 0 0 0 0 0 0 
228343 1 1 0 1 1 3 2 7 0 0 0 0 0 0 0 0 0 0 0 0 0 
228349 1 1 0 2 2 4 5 1 0 0 0 0 0 0 0 0 0 0 0 0 0 
228351 2 0 2 2 2 4 6 0 0 0 0 0 0 0 0 0 0 0 0 0 0 
228972 6 0 1 0 1 2 1 6 1 0 0 0 0 0 0 0 0 0 0 0 0 
228973 1 1 1 0 1 3 0 6 1 0 0 0 0 0 0 0 0 0 0 0 0 
228975 5 0 1 0 1 5 0 6 1 0 0 0 0 0 0 0 0 0 0 0 0 
228985 1 1 1 0 1 2 1 7 0 0 0 0 0 0 0 0 0 0 0 0 0 
228987 3 0 0 3 1 3 0 7 0 0 0 0 0 0 0 0 0 0 0 0 0 
228990 6 0 1 0 1 4 1 7 0 0 0 0 0 0 0 0 0 0 0 0 0 
228991 1 1 1 0 1 5 0 7 0 0 0 0 0 0 0 0 0 0 0 0 0 
229081 1 1 1 0 1 0 4 0 5 1 0 0 0 0 0 0 0 0 0 0 0 
229083 3 0 0 3 1 0 4 0 6 0 0 0 0 0 0 0 0 0 0 0 0 
229086 9 0 1 0 1 0 4 0 7 1 0 0 0 0 0 0 0 0 0 0 0 
229087 1 1 1 0 1 0 4 0 8 0 0 0 0 0 0 0 0 0 0 0 0 
229107 3 0 0 3 1 0 5 4 1 0 0 0 0 0 0 0 0 0 0 0 0 
229110 5 0 0 2 0 2 5 5 0 0 0 0 0 0 0 0 0 0 0 0 0 
229111 1 1 0 3 1 0 5 5 0 0 0 0 0 0 0 0 0 0 0 0 0 
229117 1 1 1 0 1 0 5 6 1 0 0 0 0 0 0 0 0 0 0 0 0 
229119 3 0 0 3 1 0 5 7 0 0 0 0 0 0 0 0 0 0 0 0 0 
229299 6 0 0 0 1 2 6 4 1 0 0 0 0 0 0 0 0 0 0 0 0 
229302 8 0 0 0 1 2 5 4 2 0 0 0 0 0 0 0 0 0 0 0 0 
229303 1 1 0 0 1 2 6 5 0 0 0 0 0 0 0 0 0 0 0 0 0 
229309 1 1 1 1 2 3 0 6 1 0 0 0 0 0 0 0 0 0 0 0 0 
229311 6 0 0 0 1 2 6 7 0 0 0 0 0 0 0 0 0 0 0 0 0 
229350 9 0 0 0 1 3 2 0 7 1 0 0 0 0 0 0 0 0 0 0 0 
229351 1 1 0 0 1 3 2 0 8 0 0 0 0 0 0 0 0 0 0 0 0 
229357 1 1 0 0 1 3 3 6 1 0 0 0 0 0 0 0 0 0 0 0 0 
229359 2 0 2 0 1 3 3 7 0 0 0 0 0 0 0 0 0 0 0 0 0 
229371 8 0 0 0 1 3 4 0 8 0 0 0 0 0 0 0 0 0 0 0 0 
229374 8 0 0 0 1 3 5 6 1 0 0 0 0 0 0 0 0 0 0 0 0 
229375 1 1 0 0 1 3 5 7 0 0 0 0 0 0 0 0 0 0 0 0 0 
252696 10 0 0 2 0 2 2 1 0 2 1 0 0 0 0 0 0 0 0 0 0 
252697 1 1 0 2 0 2 2 1 0 3 0 0 0 0 0 0 0 0 0 0 0 
252699 2 0 2 2 0 2 3 2 1 0 0 0 0 0 0 0 0 0 0 0 0 
252702 6 0 1 2 0 2 4 2 1 0 0 0 0 0 0 0 0 0 0 0 0 
252703 1 1 2 3 1 3 0 2 1 0 0 0 0 0 0 0 0 0 0 0 0 
252721 1 1 0 2 0 2 2 2 1 1 0 0 0 0 0 0 0 0 0 0 0 
252723 2 0 2 2 0 2 2 2 2 0 0 0 0 0 0 0 0 0 0 0 0 
252726 4 0 1 1 2 2 3 3 0 0 0 0 0 0 0 0 0 0 0 0 0 
252727 1 1 2 2 0 2 3 3 0 0 0 0 0 0 0 0 0 0 0 0 0 
252732 8 0 1 2 0 2 3 2 2 0 0 0 0 0 0 0 0 0 0 0 0 
252733 1 1 1 2 0 2 4 3 0 0 0 0 0 0 0 0 0 0 0 0 0 
252735 6 0 1 2 0 2 6 3 0 0 0 0 0 0 0 0 0 0 0 0 0 
252774 6 0 1 1 0 2 4 3 1 0 0 0 0 0 0 0 0 0 0 0 0 
252775 1 1 2 2 1 3 0 3 1 0 0 0 0 0 0 0 0 0 0 0 0 
252780 8 0 1 1 0 2 3 3 2 0 0 0 0 0 0 0 0 0 0 0 0 
252781 1 1 1 1 0 2 4 4 0 0 0 0 0 0 0 0 0 0 0 0 0 
252783 6 0 1 1 0 2 6 4 0 0 0 0 0 0 0 0 0 0 0 0 0 
252793 1 1 1 2 1 3 0 4 1 0 0 0 0 0 0 0 0 0 0 0 0 
252795 6 0 0 1 0 2 6 5 0 0 0 0 0 0 0 0 0 0 0 0 0 
252798 8 0 1 2 1 3 0 6 1 0 0 0 0 0 0 0 0 0 0 0 0 
252799 1 1 1 2 1 3 0 7 0 0 0 0 0 0 0 0 0 0 0 0 0 
252876 9 0 0 2 2 2 2 1 0 3 0 0 0 0 0 0 0 0 0 0 0 
252877 1 1 0 2 2 2 3 2 1 0 0 0 0 0 0 0 0 0 0 0 0 
252879 2 0 2 3 3 3 0 2 1 0 0 0 0 0 0 0 0 0 0 0 0 
252888 9 0 0 2 2 2 2 2 1 1 0 0 0 0 0 0 0 0 0 0 0 
252889 1 1 0 2 2 2 2 2 2 0 0 0 0 0 0 0 0 0 0 0 0 
252891 2 0 2 2 2 2 3 3 0 0 0 0 0 0 0 0 0 0 0 0 0 
252894 6 0 1 2 2 2 4 3 0 0 0 0 0 0 0 0 0 0 0 0 0 
252895 1 1 2 3 3 3 0 3 0 0 0 0 0 0 0 0 0 0 0 0 0 
252915 2 0 2 2 3 3 0 3 1 0 0 0 0 0 0 0 0 0 0 0 0 
252918 6 0 1 1 2 2 4 4 0 0 0 0 0 0 0 0 0 0 0 0 0 
252919 1 1 2 2 3 3 0 4 0 0 0 0 0 0 0 0 0 0 0 0 0 
252924 8 0 1 2 3 3 0 4 1 0 0 0 0 0 0 0 0 0 0 0 0 
252925 1 1 1 2 3 3 0 5 0 0 0 0 0 0 0 0 0 0 0 0 0 
252927 7 0 1 2 3 3 0 7 0 0 0 0 0 0 0 0 0 0 0 0 0 
253491 2 0 2 2 0 3 0 0 4 1 0 0 0 0 0 0 0 0 0 0 0 
253494 4 0 1 1 2 3 0 0 5 0 0 0 0 0 0 0 0 0 0 0 0 
253495 1 1 2 2 0 3 0 0 5 0 0 0 0 0 0 0 0 0 0 0 0 
253500 9 0 1 2 0 3 0 0 5 1 0 0 0 0 0 0 0 0 0 0 0 
253501 1 1 1 2 0 3 0 0 6 0 0 0 0 0 0 0 0 0 0 0 0 
253503 8 0 1 2 0 3 0 0 8 0 0 0 0 0 0 0 0 0 0 0 0 
253542 4 0 1 1 2 3 1 3 1 0 0 0 0 0 0 0 0 0 0 0 0 
253543 1 1 2 2 0 3 1 3 1 0 0 0 0 0 0 0 0 0 0 0 0 
253548 8 0 1 1 1 2 0 3 4 0 0 0 0 0 0 0 0 0 0 0 0 
253549 1 1 1 1 2 3 1 4 0 0 0 0 0 0 0 0 0 0 0 0 0 
253551 4 0 1 1 4 3 1 4 0 0 0 0 0 0 0 0 0 0 0 0 0 
253561 1 1 1 2 0 3 1 4 1 0 0 0 0 0 0 0 0 0 0 0 0 
253563 4 0 0 1 4 3 1 5 0 0 0 0 0 0 0 0 0 0 0 0 0 
253566 8 0 1 2 0 3 1 6 1 0 0 0 0 0 0 0 0 0 0 0 0 
253567 1 1 1 2 0 3 1 7 0 0 0 0 0 0 0 0 0 0 0 0 0 
253644 9 0 1 1 0 3 1 0 5 1 0 0 0 0 0 0 0 0 0 0 0 
253645 1 1 1 1 0 3 1 0 6 0 0 0 0 0 0 0 0 0 0 0 0 
253647 8 0 1 1 0 3 1 0 8 0 0 0 0 0 0 0 0 0 0 0 0 
253657 1 1 1 1 0 3 2 4 1 0 0 0 0 0 0 0 0 0 0 0 0 
253659 4 0 0 0 4 3 2 5 0 0 0 0 0 0 0 0 0 0 0 0 0 
253662 8 0 1 1 0 3 2 6 1 0 0 0 0 0 0 0 0 0 0 0 0 
253663 1 1 1 1 0 3 2 7 0 0 0 0 0 0 0 0 0 0 0 0 0 
253683 8 0 0 1 0 3 2 0 8 0 0 0 0 0 0 0 0 0 0 0 0 
253686 8 0 0 1 0 3 3 6 1 0 0 0 0 0 0 0 0 0 0 0 0 
253687 1 1 0 1 0 3 3 7 0 0 0 0 0 0 0 0 0 0 0 0 0 
253693 1 1 1 2 1 4 5 1 0 0 0 0 0 0 0 0 0 0 0 0 0 
253695 7 0 0 1 0 3 5 7 0 0 0 0 0 0 0 0 0 0 0 0 0 
253849 1 1 0 2 2 3 0 0 4 1 0 0 0 0 0 0 0 0 0 0 0 
253851 2 0 2 2 2 3 0 0 5 0 0 0 0 0 0 0 0 0 0 0 0 
253854 8 0 1 2 2 3 0 0 6 0 0 0 0 0 0 0 0 0 0 0 0 
253855 1 1 2 3 3 4 1 1 0 0 0 0 0 0 0 0 0 0 0 0 0 
253875 2 0 2 2 2 3 1 3 1 0 0 0 0 0 0 0 0 0 0 0 0 
253878 8 0 1 1 1 2 0 3 6 0 0 0 0 0 0 0 0 0 0 0 0 
253879 1 1 2 2 2 3 1 4 0 0 0 0 0 0 0 0 0 0 0 0 0 
253884 8 0 1 2 2 3 1 4 1 0 0 0 0 0 0 0 0 0 0 0 0 
253885 1 1 1 2 2 3 1 5 0 0 0 0 0 0 0 0 0 0 0 0 0 
253887 7 0 1 2 2 3 1 7 0 0 0 0 0 0 0 0 0 0 0 0 0 
253926 8 0 1 1 2 3 1 0 6 0 0 0 0 0 0 0 0 0 0 0 0 
253927 1 1 2 2 3 4 2 1 0 0 0 0 0 0 0 0 0 0 0 0 0 
253932 8 0 1 1 2 3 2 4 1 0 0 0 0 0 0 0 0 0 0 0 0 
253933 1 1 1 1 2 3 2 5 0 0 0 0 0 0 0 0 0 0 0 0 0 
253935 7 0 1 1 2 3 2 7 0 0 0 0 0 0 0 0 0 0 0 0 0 
253945 1 1 1 2 3 4 3 1 0 0 0 0 0 0 0 0 0 0 0 0 0 
253947 7 0 0 1 2 3 3 7 0 0 0 0 0 0 0 0 0 0 0 0 0 
253950 7 0 1 2 3 4 5 1 0 0 0 0 0 0 0 0 0 0 0 0 0 
253951 1 1 1 2 3 4 6 0 0 0 0 0 0 0 0 0 0 0 0 0 0 
259686 3 0 1 1 1 4 2 0 2 1 0 0 0 0 0 0 0 0 0 0 0 
259687 1 1 2 0 1 4 2 0 2 1 0 0 0 0 0 0 0 0 0 0 0 
259693 1 1 1 1 1 4 2 0 3 0 0 0 0 0 0 0 0 0 0 0 0 
259695 3 0 1 3 1 4 2 0 3 0 0 0 0 0 0 0 0 0 0 0 0 
259707 8 0 0 0 0 4 2 0 8 0 0 0 0 0 0 0 0 0 0 0 0 
259710 8 0 1 2 0 4 2 0 5 0 0 0 0 0 0 0 0 0 0 0 0 
259711 1 1 1 3 1 5 3 1 0 0 0 0 0 0 0 0 0 0 0 0 0 
259789 1 1 1 1 1 4 3 1 1 0 0 0 0 0 0 0 0 0 0 0 0 
259791 3 0 1 3 1 4 3 1 1 0 0 0 0 0 0 0 0 0 0 0 0 
259803 8 0 0 0 0 3 2 1 8 0 0 0 0 0 0 0 0 0 0 0 0 
259806 8 0 1 2 0 3 2 1 5 0 0 0 0 0 0 0 0 0 0 0 0 
259807 1 1 1 3 1 4 3 2 0 0 0 0 0 0 0 0 0 0 0 0 0 
259830 8 0 0 0 0 4 3 6 1 0 0 0 0 0 0 0 0 0 0 0 0 
259831 1 1 0 0 0 4 3 7 0 0 0 0 0 0 0 0 0 0 0 0 0 
259836 8 0 1 2 0 4 3 3 1 0 0 0 0 0 0 0 0 0 0 0 0 
259837 1 1 1 2 0 4 3 4 0 0 0 0 0 0 0 0 0 0 0 0 0 
259839 7 0 0 2 0 4 3 7 0 0 0 0 0 0 0 0 0 0 0 0 0 
260019 2 0 2 0 1 4 4 0 2 1 0 0 0 0 0 0 0 0 0 0 0 
260022 3 0 1 1 1 4 4 0 3 0 0 0 0 0 0 0 0 0 0 0 0 
260023 1 1 2 0 1 4 4 0 3 0 0 0 0 0 0 0 0 0 0 0 0 
260029 1 1 1 1 1 5 5 1 0 0 0 0 0 0 0 0 0 0 0 0 0 
260031 3 0 1 3 1 5 5 1 0 0 0 0 0 0 0 0 0 0 0 0 0 
260070 3 0 1 1 1 4 5 1 1 0 0 0 0 0 0 0 0 0 0 0 0 
260071 1 1 2 0 1 4 5 1 1 0 0 0 0 0 0 0 0 0 0 0 0 
260077 1 1 1 1 1 4 5 2 0 0 0 0 0 0 0 0 0 0 0 0 0 
260079 3 0 1 3 1 4 5 2 0 0 0 0 0 0 0 0 0 0 0 0 0 
260091 7 0 0 0 0 4 5 7 0 0 0 0 0 0 0 0 0 0 0 0 0 
260094 7 0 1 2 0 4 5 4 0 0 0 0 0 0 0 0 0 0 0 0 0 
260095 1 1 1 3 1 5 6 0 0 0 0 0 0 0 0 0 0 0 0 0 0 
261339 6 0 0 0 1 0 6 6 1 0 0 0 0 0 0 0 0 0 0 0 0 
261342 6 0 1 2 1 0 3 6 1 0 0 0 0 0 0 0 0 0 0 0 0 
261343 1 1 1 3 2 1 0 6 1 0 0 0 0 0 0 0 0 0 0 0 0 
261366 8 0 0 0 1 0 5 6 2 0 0 0 0 0 0 0 0 0 0 0 0 
261367 1 1 0 0 1 0 6 7 0 0 0 0 0 0 0 0 0 0 0 0 0 
261372 8 0 1 2 1 0 2 6 2 0 0 0 0 0 0 0 0 0 0 0 0 
261373 1 1 1 2 1 0 3 7 0 0 0 0 0 0 0 0 0 0 0 0 0 
261375 6 0 0 2 1 0 6 7 0 0 0 0 0 0 0 0 0 0 0 0 0 
261558 9 0 0 0 1 1 4 0 7 1 0 0 0 0 0 0 0 0 0 0 0 
261559 1 1 0 0 1 1 4 0 8 0 0 0 0 0 0 0 0 0 0 0 0 
261564 9 0 1 2 1 1 4 0 4 1 0 0 0 0 0 0 0 0 0 0 0 
261565 1 1 1 2 1 1 4 0 5 0 0 0 0 0 0 0 0 0 0 0 0 
261567 8 0 0 2 1 1 4 0 8 0 0 0 0 0 0 0 0 0 0 0 0 
261613 1 1 0 0 1 1 5 6 1 0 0 0 0 0 0 0 0 0 0 0 0 
261615 2 0 2 0 1 1 5 7 0 0 0 0 0 0 0 0 0 0 0 0 0 
261625 1 1 1 2 1 1 5 3 1 0 0 0 0 0 0 0 0 0 0 0 0 
261627 8 0 0 1 0 0 4 3 8 0 0 0 0 0 0 0 0 0 0 0 0 
261630 8 0 0 2 1 1 5 6 1 0 0 0 0 0 0 0 0 0 0 0 0 
261631 1 1 0 2 1 1 5 7 0 0 0 0 0 0 0 0 0 0 0 0 0 
261997 1 1 1 1 2 3 0 6 1 0 0 0 0 0 0 0 0 0 0 0 0 
261999 3 0 1 3 2 3 0 6 1 0 0 0 0 0 0 0 0 0 0 0 0 
262011 6 0 0 0 1 2 6 7 0 0 0 0 0 0 0 0 0 0 0 0 0 
262014 6 0 1 2 1 2 3 7 0 0 0 0 0 0 0 0 0 0 0 0 0 
262015 1 1 1 3 2 3 0 7 0 0 0 0 0 0 0 0 0 0 0 0 0 
262107 8 0 0 0 1 3 4 0 8 0 0 0 0 0 0 0 0 0 0 0 0 
262110 8 0 1 2 1 3 4 0 5 0 0 0 0 0 0 0 0 0 0 0 0 
262111 1 1 1 3 2 4 5 1 0 0 0 0 0 0 0 0 0 0 0 0 0 
262134 8 0 0 0 1 3 5 6 1 0 0 0 0 0 0 0 0 0 0 0 0 
262135 1 1 0 0 1 3 5 7 0 0 0 0 0 0 0 0 0 0 0 0 0 
262140 8 0 1 2 1 3 5 3 1 0 0 0 0 0 0 0 0 0 0 0 0 
262141 1 1 1 2 1 3 5 4 0 0 0 0 0 0 0 0 0 0 0 0 0 
262143 7 0 0 2 1 3 5 7 0 0 0 0 0 0 0 0 0 0 0 0 0 
449388 9 0 0 0 1 4 4 0 2 1 0 0 0 0 0 0 0 0 0 0 0 
449389 1 1 0 0 1 4 4 0 3 0 0 0 0 0 0 0 0 0 0 0 0 
449391 2 0 2 0 1 5 5 1 0 0 0 0 0 0 0 0 0 0 0 0 0 
449400 9 0 1 2 1 1 4 0 2 1 0 0 0 0 0 0 0 0 0 0 0 
449401 1 1 1 2 1 1 4 0 3 0 0 0 0 0 0 0 0 0 0 0 0 
449403 8 0 0 1 0 1 4 0 8 0 0 0 0 0 0 0 0 0 0 0 0 
449406 8 0 0 2 1 4 4 0 3 0 0 0 0 0 0 0 0 0 0 0 0 
449407 1 1 0 2 1 5 5 1 0 0 0 0 0 0 0 0 0 0 0 0 0 
449497 1 1 0 0 1 4 5 1 1 0 0 0 0 0 0 0 0 0 0 0 0 
449499 2 0 2 0 1 4 5 2 0 0 0 0 0 0 0 0 0 0 0 0 0 
449502 3 0 1 1 1 5 6 0 0 0 0 0 0 0 0 0 0 0 0 0 0 
449503 1 1 2 0 1 5 6 0 0 0 0 0 0 0 0 0 0 0 0 0 0 
449521 1 1 1 2 1 1 5 1 1 0 0 0 0 0 0 0 0 0 0 0 0 
449523 8 0 0 1 0 0 4 1 8 0 0 0 0 0 0 0 0 0 0 0 0 
449526 8 0 0 1 0 1 5 6 1 0 0 0 0 0 0 0 0 0 0 0 0 
449527 1 1 0 1 0 1 5 7 0 0 0 0 0 0 0 0 0 0 0 0 0 
449532 8 0 0 2 1 4 5 1 1 0 0 0 0 0 0 0 0 0 0 0 0 
449533 1 1 0 2 1 4 5 2 0 0 0 0 0 0 0 0 0 0 0 0 0 
449535 2 0 2 2 1 5 6 0 0 0 0 0 0 0 0 0 0 0 0 0 0 
450150 7 0 1 0 0 3 0 5 2 1 0 0 0 0 0 0 0 0 0 0 0 
450151 1 1 2 1 1 4 1 0 2 1 0 0 0 0 0 0 0 0 0 0 0 
450156 9 0 1 0 0 3 0 4 2 2 0 0 0 0 0 0 0 0 0 0 0 
450157 1 1 1 0 0 3 0 5 3 0 0 0 0 0 0 0 0 0 0 0 0 
450159 7 0 1 0 0 3 0 7 3 0 0 0 0 0 0 0 0 0 0 0 0 
450169 1 1 1 0 0 4 1 0 5 1 0 0 0 0 0 0 0 0 0 0 0 
450171 3 0 0 3 0 4 1 0 6 0 0 0 0 0 0 0 0 0 0 0 0 
450174 9 0 1 0 0 4 1 0 7 1 0 0 0 0 0 0 0 0 0 0 0 
450175 1 1 1 0 0 4 1 0 8 0 0 0 0 0 0 0 0 0 0 0 0 
450252 10 0 1 0 0 3 1 0 0 6 1 0 0 0 0 0 0 0 0 0 0 
450253 1 1 1 0 0 3 1 0 0 7 0 0 0 0 0 0 0 0 0 0 0 
450255 9 0 1 0 0 3 1 0 0 9 0 0 0 0 0 0 0 0 0 0 0 
450265 1 1 1 0 0 3 1 1 5 1 0 0 0 0 0 0 0 0 0 0 0 
450267 3 0 0 3 0 3 1 1 6 0 0 0 0 0 0 0 0 0 0 0 0 
450270 9 0 1 0 0 3 1 1 7 1 0 0 0 0 0 0 0 0 0 0 0 
450271 1 1 1 0 0 3 1 1 8 0 0 0 0 0 0 0 0 0 0 0 0 
450291 3 0 0 3 0 4 2 4 1 0 0 0 0 0 0 0 0 0 0 0 0 
450294 4 0 0 2 1 4 2 5 0 0 0 0 0 0 0 0 0 0 0 0 0 
450295 1 1 0 3 0 4 2 5 0 0 0 0 0 0 0 0 0 0 0 0 0 
450301 1 1 1 0 0 4 2 6 1 0 0 0 0 0 0 0 0 0 0 0 0 
450303 3 0 0 3 0 4 2 7 0 0 0 0 0 0 0 0 0 0 0 0 0 
450481 1 1 1 1 1 2 4 0 2 1 0 0 0 0 0 0 0 0 0 0 0 
450483 7 0 0 0 0 1 3 7 3 0 0 0 0 0 0 0 0 0 0 0 0 
450486 9 0 0 0 0 2 4 0 7 1 0 0 0 0 0 0 0 0 0 0 0 
450487 1 1 0 0 0 2 4 0 8 0 0 0 0 0 0 0 0 0 0 0 0 
450492 9 0 1 1 1 4 4 0 2 1 0 0 0 0 0 0 0 0 0 0 0 
450493 1 1 1 1 1 4 4 0 3 0 0 0 0 0 0 0 0 0 0 0 0 
450495 8 0 0 0 0 4 4 0 8 0 0 0 0 0 0 0 0 0 0 0 0 
450531 9 0 0 0 0 1 4 0 0 9 0 0 0 0 0 0 0 0 0 0 0 
450534 9 0 0 0 0 1 4 1 7 1 0 0 0 0 0 0 0 0 0 0 0 
450535 1 1 0 0 0 1 4 1 8 0 0 0 0 0 0 0 0 0 0 0 0 
450541 1 1 0 0 0 2 5 6 1 0 0 0 0 0 0 0 0 0 0 0 0 
450543 2 0 2 0 0 2 5 7 0 0 0 0 0 0 0 0 0 0 0 0 0 
450553 1 1 1 1 1 4 5 1 1 0 0 0 0 0 0 0 0 0 0 0 0 
450555 8 0 0 0 0 3 4 1 8 0 0 0 0 0 0 0 0 0 0 0 0 
450558 8 0 0 0 0 4 5 6 1 0 0 0 0 0 0 0 0 0 0 0 0 
450559 1 1 0 0 0 4 5 7 0 0 0 0 0 0 0 0 0 0 0 0 0 
456411 2 0 2 0 2 3 0 6 1 0 0 0 0 0 0 0 0 0 0 0 0 
456414 3 0 1 1 2 3 0 7 0 0 0 0 0 0 0 0 0 0 0 0 0 
456415 1 1 2 0 2 3 0 7 0 0 0 0 0 0 0 0 0 0 0 0 0 
456435 6 0 0 1 1 2 6 3 1 0 0 0 0 0 0 0 0 0 0 0 0 
456438 8 0 0 1 1 2 5 3 2 0 0 0 0 0 0 0 0 0 0 0 0 
456439 1 1 0 1 1 2 6 4 0 0 0 0 0 0 0 0 0 0 0 0 0 
456445 1 1 0 2 2 3 0 6 1 0 0 0 0 0 0 0 0 0 0 0 0 
456447 2 0 2 2 2 3 0 7 0 0 0 0 0 0 0 0 0 0 0 0 0 
456630 3 0 1 1 2 4 5 1 0 0 0 0 0 0 0 0 0 0 0 0 0 
456631 1 1 2 0 2 4 5 1 0 0 0 0 0 0 0 0 0 0 0 0 0 
456637 1 1 1 1 2 4 6 0 0 0 0 0 0 0 0 0 0 0 0 0 0 
456639 3 0 1 3 2 4 6 0 0 0 0 0 0 0 0 0 0 0 0 0 0 
456678 9 0 0 1 1 3 1 0 7 1 0 0 0 0 0 0 0 0 0 0 0 
456679 1 1 0 1 1 3 1 0 8 0 0 0 0 0 0 0 0 0 0 0 0 
456685 1 1 0 1 1 3 2 6 1 0 0 0 0 0 0 0 0 0 0 0 0 
456687 2 0 2 1 1 3 2 7 0 0 0 0 0 0 0 0 0 0 0 0 0 
456699 2 0 2 2 2 4 5 1 0 0 0 0 0 0 0 0 0 0 0 0 0 
456702 7 0 1 1 1 3 5 5 0 0 0 0 0 0 0 0 0 0 0 0 0 
456703 1 1 2 2 2 4 6 0 0 0 0 0 0 0 0 0 0 0 0 0 0 
457945 1 1 1 0 1 2 1 6 1 0 0 0 0 0 0 0 0 0 0 0 0 
457947 3 0 0 3 1 3 0 6 1 0 0 0 0 0 0 0 0 0 0 0 0 
457950 6 0 1 0 1 4 1 6 1 0 0 0 0 0 0 0 0 0 0 0 0 
457951 1 1 1 0 1 5 0 6 1 0 0 0 0 0 0 0 0 0 0 0 0 
457971 3 0 0 3 1 2 1 7 0 0 0 0 0 0 0 0 0 0 0 0 0 
457974 6 0 0 2 0 2 3 7 0 0 0 0 0 0 0 0 0 0 0 0 0 
457975 1 1 0 3 1 3 0 7 0 0 0 0 0 0 0 0 0 0 0 0 0 
457981 1 1 1 0 1 4 1 7 0 0 0 0 0 0 0 0 0 0 0 0 0 
457983 3 0 0 3 1 5 0 7 0 0 0 0 0 0 0 0 0 0 0 0 0 
458163 3 0 0 3 1 0 4 0 5 1 0 0 0 0 0 0 0 0 0 0 0 
458166 5 0 0 2 0 2 4 0 6 0 0 0 0 0 0 0 0 0 0 0 0 
458167 1 1 0 3 1 0 4 0 6 0 0 0 0 0 0 0 0 0 0 0 0 
458173 1 1 1 0 1 0 4 0 7 1 0 0 0 0 0 0 0 0 0 0 0 
458175 3 0 0 3 1 0 4 0 8 0 0 0 0 0 0 0 0 0 0 0 0 
458214 5 0 0 2 0 2 5 4 1 0 0 0 0 0 0 0 0 0 0 0 0 
458215 1 1 0 3 1 0 5 4 1 0 0 0 0 0 0 0 0 0 0 0 0 
458220 8 0 0 2 0 1 4 4 3 0 0 0 0 0 0 0 0 0 0 0 0 
458221 1 1 0 2 0 2 5 5 0 0 0 0 0 0 0 0 0 0 0 0 0 
458223 2 0 2 3 1 0 5 5 0 0 0 0 0 0 0 0 0 0 0 0 0 
458235 3 0 0 3 1 0 5 6 1 0 0 0 0 0 0 0 0 0 0 0 0 
458238 5 0 0 2 0 2 5 7 0 0 0 0 0 0 0 0 0 0 0 0 0 
458239 1 1 0 3 1 0 5 7 0 0 0 0 0 0 0 0 0 0 0 0 0 
458598 9 0 0 0 1 2 5 3 0 3 0 0 0 0 0 0 0 0 0 0 0 
458599 1 1 0 0 1 2 6 4 1 0 0 0 0 0 0 0 0 0 0 0 0 
458604 9 0 0 0 1 2 5 4 1 1 0 0 0 0 0 0 0 0 0 0 0 
458605 1 1 0 0 1 2 5 4 2 0 0 0 0 0 0 0 0 0 0 0 0 
458607 2 0 2 0 1 2 6 5 0 0 0 0 0 0 0 0 0 0 0 0 0 
458619 6 0 0 0 1 2 6 6 1 0 0 0 0 0 0 0 0 0 0 0 0 
458622 8 0 0 0 1 2 5 6 2 0 0 0 0 0 0 0 0 0 0 0 0 
458623 1 1 0 0 1 2 6 7 0 0 0 0 0 0 0 0 0 0 0 0 0 
458701 1 1 0 0 1 3 2 0 7 1 0 0 0 0 0 0 0 0 0 0 0 
458703 2 0 2 0 1 3 2 0 8 0 0 0 0 0 0 0 0 0 0 0 0 
458715 2 0 2 0 1 3 3 6 1 0 0 0 0 0 0 0 0 0 0 0 0 
458718 3 0 1 1 1 3 3 7 0 0 0 0 0 0 0 0 0 0 0 0 0 
458719 1 1 2 0 1 3 3 7 0 0 0 0 0 0 0 0 0 0 0 0 0 
458742 9 0 0 0 1 3 4 0 7 1 0 0 0 0 0 0 0 0 0 0 0 
458743 1 1 0 0 1 3 4 0 8 0 0 0 0 0 0 0 0 0 0 0 0 
458749 1 1 0 0 1 3 5 6 1 0 0 0 0 0 0 0 0 0 0 0 0 
458751 2 0 2 0 1 3 5 7 0 0 0 0 0 0 0 0 0 0 0 0 0 
505393 1 1 0 2 0 2 2 1 0 2 1 0 0 0 0 0 0 0 0 0 0 
505395 2 0 2 2 0 2 2 1 0 3 0 0 0 0 0 0 0 0 0 0 0 
505398 4 0 1 1 2 2 3 2 1 0 0 0 0 0 0 0 0 0 0 0 0 
505399 1 1 2 2 0 2 3 2 1 0 0 0 0 0 0 0 0 0 0 0 0 
505404 9 0 1 2 0 2 3 1 0 3 0 0 0 0 0 0 0 0 0 0 0 
505405 1 1 1 2 0 2 4 2 1 0 0 0 0 0 0 0 0 0 0 0 0 
505407 6 0 1 2 0 2 6 2 1 0 0 0 0 0 0 0 0 0 0 0 0 
505443 2 0 2 2 0 2 2 2 1 1 0 0 0 0 0 0 0 0 0 0 0 
505446 4 0 1 1 2 2 2 2 2 0 0 0 0 0 0 0 0 0 0 0 0 
505447 1 1 2 2 0 2 2 2 2 0 0 0 0 0 0 0 0 0 0 0 0 
505452 8 0 1 1 1 1 2 2 4 0 0 0 0 0 0 0 0 0 0 0 0 
505453 1 1 1 1 2 2 3 3 0 0 0 0 0 0 0 0 0 0 0 0 0 
505455 4 0 1 1 4 2 3 3 0 0 0 0 0 0 0 0 0 0 0 0 0 
505464 9 0 1 2 0 2 3 2 1 1 0 0 0 0 0 0 0 0 0 0 0 
505465 1 1 1 2 0 2 3 2 2 0 0 0 0 0 0 0 0 0 0 0 0 
505467 4 0 0 1 4 2 4 3 0 0 0 0 0 0 0 0 0 0 0 0 0 
505470 8 0 1 2 0 2 5 2 2 0 0 0 0 0 0 0 0 0 0 0 0 
505471 1 1 1 2 0 2 6 3 0 0 0 0 0 0 0 0 0 0 0 0 0 
505548 9 0 1 1 0 2 3 2 0 3 0 0 0 0 0 0 0 0 0 0 0 
505549 1 1 1 1 0 2 4 3 1 0 0 0 0 0 0 0 0 0 0 0 0 
505551 6 0 1 1 0 2 6 3 1 0 0 0 0 0 0 0 0 0 0 0 0 
505560 9 0 1 1 0 2 3 3 1 1 0 0 0 0 0 0 0 0 0 0 0 
505561 1 1 1 1 0 2 3 3 2 0 0 0 0 0 0 0 0 0 0 0 0 
505563 4 0 0 0 4 2 4 4 0 0 0 0 0 0 0 0 0 0 0 0 0 
505566 8 0 1 1 0 2 5 3 2 0 0 0 0 0 0 0 0 0 0 0 0 
505567 1 1 1 1 0 2 6 4 0 0 0 0 0 0 0 0 0 0 0 0 0 
505587 6 0 0 1 0 2 6 4 1 0 0 0 0 0 0 0 0 0 0 0 0 
505590 8 0 0 1 0 2 5 4 2 0 0 0 0 0 0 0 0 0 0 0 0 
505591 1 1 0 1 0 2 6 5 0 0 0 0 0 0 0 0 0 0 0 0 0 
505597 1 1 1 2 1 3 0 6 1 0 0 0 0 0 0 0 0 0 0 0 0 
505599 6 0 0 1 0 2 6 7 0 0 0 0 0 0 0 0 0 0 0 0 0 
505752 10 0 0 2 2 2 2 1 0 2 1 0 0 0 0 0 0 0 0 0 0 
505753 1 1 0 2 2 2 2 1 0 3 0 0 0 0 0 0 0 0 0 0 0 
505755 2 0 2 2 2 2 3 2 1 0 0 0 0 0 0 0 0 0 0 0 0 
505758 6 0 1 2 2 2 4 2 1 0 0 0 0 0 0 0 0 0 0 0 0 
505759 1 1 2 3 3 3 0 2 1 0 0 0 0 0 0 0 0 0 0 0 0 
505777 1 1 0 2 2 2 2 2 1 1 0 0 0 0 0 0 0 0 0 0 0 
505779 2 0 2 2 2 2 2 2 2 0 0 0 0 0 0 0 0 0 0 0 0 
505782 8 0 1 1 1 1 2 2 6 0 0 0 0 0 0 0 0 0 0 0 0 
505783 1 1 2 2 2 2 3 3 0 0 0 0 0 0 0 0 0 0 0 0 0 
505788 8 0 1 2 2 2 3 2 2 0 0 0 0 0 0 0 0 0 0 0 0 
505789 1 1 1 2 2 2 4 3 0 0 0 0 0 0 0 0 0 0 0 0 0 
505791 6 0 1 2 2 2 6 3 0 0 0 0 0 0 0 0 0 0 0 0 0 
505830 6 0 1 1 2 2 4 3 1 0 0 0 0 0 0 0 0 0 0 0 0 
505831 1 1 2 2 3 3 0 3 1 0 0 0 0 0 0 0 0 0 0 0 0 
505836 8 0 1 1 2 2 3 3 2 0 0 0 0 0 0 0 0 0 0 0 0 
505837 1 1 1 1 2 2 4 4 0 0 0 0 0 0 0 0 0 0 0 0 0 
505839 6 0 1 1 2 2 6 4 0 0 0 0 0 0 0 0 0 0 0 0 0 
505849 1 1 1 2 3 3 0 4 1 0 0 0 0 0 0 0 0 0 0 0 0 
505851 6 0 0 1 2 2 6 5 0 0 0 0 0 0 0 0 0 0 0 0 0 
505854 8 0 1 2 3 3 0 6 1 0 0 0 0 0 0 0 0 0 0 0 0 
505855 1 1 1 2 3 3 0 7 0 0 0 0 0 0 0 0 0 0 0 0 0 
506982 4 0 1 1 2 3 0 0 4 1 0 0 0 0 0 0 0 0 0 0 0 
506983 1 1 2 2 0 3 0 0 4 1 0 0 0 0 0 0 0 0 0 0 0 
506988 6 0 1 1 1 2 2 0 5 0 0 0 0 0 0 0 0 0 0 0 0 
506989 1 1 1 1 2 3 0 0 5 0 0 0 0 0 0 0 0 0 0 0 0 
506991 4 0 1 1 4 3 0 0 5 0 0 0 0 0 0 0 0 0 0 0 0 
507001 1 1 1 2 0 3 0 0 5 1 0 0 0 0 0 0 0 0 0 0 0 
507003 4 0 0 1 4 3 0 0 6 0 0 0 0 0 0 0 0 0 0 0 0 
507006 9 0 1 2 0 3 0 0 7 1 0 0 0 0 0 0 0 0 0 0 0 
507007 1 1 1 2 0 3 0 0 8 0 0 0 0 0 0 0 0 0 0 0 0 
507084 9 0 1 1 1 2 0 2 0 5 0 0 0 0 0 0 0 0 0 0 0 
507085 1 1 1 1 2 3 1 3 1 0 0 0 0 0 0 0 0 0 0 0 0 
507087 4 0 1 1 4 3 1 3 1 0 0 0 0 0 0 0 0 0 0 0 0 
507096 9 0 1 1 1 2 0 3 3 1 0 0 0 0 0 0 0 0 0 0 0 
507097 1 1 1 1 1 2 0 3 4 0 0 0 0 0 0 0 0 0 0 0 0 
507099 8 0 0 0 1 2 0 3 8 0 0 0 0 0 0 0 0 0 0 0 0 
507102 8 0 1 1 3 2 0 3 4 0 0 0 0 0 0 0 0 0 0 0 0 
507103 1 1 1 1 4 3 1 4 0 0 0 0 0 0 0 0 0 0 0 0 0 
507123 4 0 0 1 4 3 1 4 1 0 0 0 0 0 0 0 0 0 0 0 0 
507126 8 0 0 1 3 2 0 4 4 0 0 0 0 0 0 0 0 0 0 0 0 
507127 1 1 0 1 4 3 1 5 0 0 0 0 0 0 0 0 0 0 0 0 0 
507133 1 1 1 2 0 3 1 6 1 0 0 0 0 0 0 0 0 0 0 0 0 
507135 4 0 0 1 4 3 1 7 0 0 0 0 0 0 0 0 0 0 0 0 0 
507289 1 1 1 1 0 3 1 0 5 1 0 0 0 0 0 0 0 0 0 0 0 
507291 4 0 0 0 4 3 1 0 6 0 0 0 0 0 0 0 0 0 0 0 0 
507294 9 0 1 1 0 3 1 0 7 1 0 0 0 0 0 0 0 0 0 0 0 
507295 1 1 1 1 0 3 1 0 8 0 0 0 0 0 0 0 0 0 0 0 0 
507315 4 0 0 0 4 3 2 4 1 0 0 0 0 0 0 0 0 0 0 0 0 
507318 8 0 0 0 3 2 1 4 4 0 0 0 0 0 0 0 0 0 0 0 0 
507319 1 1 0 0 4 3 2 5 0 0 0 0 0 0 0 0 0 0 0 0 0 
507325 1 1 1 1 0 3 2 6 1 0 0 0 0 0 0 0 0 0 0 0 0 
507327 4 0 0 0 4 3 2 7 0 0 0 0 0 0 0 0 0 0 0 0 0 
507366 9 0 0 1 0 3 2 0 7 1 0 0 0 0 0 0 0 0 0 0 0 
507367 1 1 0 1 0 3 2 0 8 0 0 0 0 0 0 0 0 0 0 0 0 
507373 1 1 0 1 0 3 3 6 1 0 0 0 0 0 0 0 0 0 0 0 0 
507375 2 0 2 1 0 3 3 7 0 0 0 0 0 0 0 0 0 0 0 0 0 
507387 8 0 0 1 0 3 4 0 8 0 0 0 0 0 0 0 0 0 0 0 0 
507390 8 0 0 1 0 3 5 6 1 0 0 0 0 0 0 0 0 0 0 0 0 
507391 1 1 0 1 0 3 5 7 0 0 0 0 0 0 0 0 0 0 0 0 0 
507699 2 0 2 2 2 3 0 0 4 1 0 0 0 0 0 0 0 0 0 0 0 
507702 6 0 1 1 1 2 4 0 5 0 0 0 0 0 0 0 0 0 0 0 0 
507703 1 1 2 2 2 3 0 0 5 0 0 0 0 0 0 0 0 0 0 0 0 
507708 9 0 1 2 2 3 0 0 5 1 0 0 0 0 0 0 0 0 0 0 0 
507709 1 1 1 2 2 3 0 0 6 0 0 0 0 0 0 0 0 0 0 0 0 
507711 8 0 1 2 2 3 0 0 8 0 0 0 0 0 0 0 0 0 0 0 0 
507750 9 0 1 1 1 2 0 2 0 7 0 0 0 0 0 0 0 0 0 0 0 
507751 1 1 2 2 2 3 1 3 1 0 0 0 0 0 0 0 0 0 0 0 0 
507756 9 0 1 1 1 2 0 3 5 1 0 0 0 0 0 0 0 0 0 0 0 
507757 1 1 1 1 1 2 0 3 6 0 0 0 0 0 0 0 0 0 0 0 0 
507759 8 0 1 1 1 2 0 3 8 0 0 0 0 0 0 0 0 0 0 0 0 
507769 1 1 1 2 2 3 1 4 1 0 0 0 0 0 0 0 0 0 0 0 0 
507771 8 0 0 1 1 2 0 4 8 0 0 0 0 0 0 0 0 0 0 0 0 
507774 8 0 1 2 2 3 1 6 1 0 0 0 0 0 0 0 0 0 0 0 0 
507775 1 1 1 2 2 3 1 7 0 0 0 0 0 0 0 0 0 0 0 0 0 
507852 9 0 1 1 2 3 1 0 5 1 0 0 0 0 0 0 0 0 0 0 0 
507853 1 1 1 1 2 3 1 0 6 0 0 0 0 0 0 0 0 0 0 0 0 
507855 8 0 1 1 2 3 1 0 8 0 0 0 0 0 0 0 0 0 0 0 0 
507865 1 1 1 1 2 3 2 4 1 0 0 0 0 0 0 0 0 0 0 0 0 
507867 8 0 0 0 1 2 1 4 8 0 0 0 0 0 0 0 0 0 0 0 0 
507870 8 0 1 1 2 3 2 6 1 0 0 0 0 0 0 0 0 0 0 0 0 
507871 1 1 1 1 2 3 2 7 0 0 0 0 0 0 0 0 0 0 0 0 0 
507891 8 0 0 1 2 3 2 0 8 0 0 0 0 0 0 0 0 0 0 0 0 
507894 8 0 0 1 2 3 3 6 1 0 0 0 0 0 0 0 0 0 0 0 0 
507895 1 1 0 1 2 3 3 7 0 0 0 0 0 0 0 0 0 0 0 0 0 
507901 1 1 1 2 3 4 5 1 0 0 0 0 0 0 0 0 0 0 0 0 0 
507903 7 0 0 1 2 3 5 7 0 0 0 0 0 0 0 0 0 0 0 0 0 
519373 1 1 1 1 1 4 2 0 2 1 0 0 0 0 0 0 0 0 0 0 0 
519375 3 0 1 3 1 4 2 0 2 1 0 0 0 0 0 0 0 0 0 0 0 
519387 7 0 0 0 0 3 1 7 3 0 0 0 0 0 0 0 0 0 0 0 0 
519390 7 0 1 2 0 3 1 4 3 0 0 0 0 0 0 0 0 0 0 0 0 
519391 1 1 1 3 1 4 2 0 3 0 0 0 0 0 0 0 0 0 0 0 0 
519414 9 0 0 0 0 4 2 0 7 1 0 0 0 0 0 0 0 0 0 0 0 
519415 1 1 0 0 0 4 2 0 8 0 0 0 0 0 0 0 0 0 0 0 0 
519420 9 0 1 2 0 4 2 0 4 1 0 0 0 0 0 0 0 0 0 0 0 
519421 1 1 1 2 0 4 2 0 5 0 0 0 0 0 0 0 0 0 0 0 0 
519423 8 0 0 2 0 4 2 0 8 0 0 0 0 0 0 0 0 0 0 0 0 
519579 9 0 0 0 0 3 2 0 0 9 0 0 0 0 0 0 0 0 0 0 0 
519582 9 0 1 2 0 3 2 0 0 6 0 0 0 0 0 0 0 0 0 0 0 
519583 1 1 1 3 1 4 3 1 1 0 0 0 0 0 0 0 0 0 0 0 0 
519606 9 0 0 0 0 3 2 1 7 1 0 0 0 0 0 0 0 0 0 0 0 
519607 1 1 0 0 0 3 2 1 8 0 0 0 0 0 0 0 0 0 0 0 0 
519612 9 0 1 2 0 3 2 1 4 1 0 0 0 0 0 0 0 0 0 0 0 
519613 1 1 1 2 0 3 2 1 5 0 0 0 0 0 0 0 0 0 0 0 0 
519615 8 0 0 2 0 3 2 1 8 0 0 0 0 0 0 0 0 0 0 0 0 
519661 1 1 0 0 0 4 3 6 1 0 0 0 0 0 0 0 0 0 0 0 0 
519663 2 0 2 0 0 4 3 7 0 0 0 0 0 0 0 0 0 0 0 0 0 
519673 1 1 1 2 0 4 3 3 1 0 0 0 0 0 0 0 0 0 0 0 0 
519675 4 0 0 1 4 4 3 4 0 0 0 0 0 0 0 0 0 0 0 0 0 
519678 8 0 0 2 0 4 3 6 1 0 0 0 0 0 0 0 0 0 0 0 0 
519679 1 1 0 2 0 4 3 7 0 0 0 0 0 0 0 0 0 0 0 0 0 
520038 3 0 1 1 1 4 4 0 2 1 0 0 0 0 0 0 0 0 0 0 0 
520039 1 1 2 0 1 4 4 0 2 1 0 0 0 0 0 0 0 0 0 0 0 
520045 1 1 1 1 1 4 4 0 3 0 0 0 0 0 0 0 0 0 0 0 0 
520047 3 0 1 3 1 4 4 0 3 0 0 0 0 0 0 0 0 0 0 0 0 
520059 8 0 0 0 0 4 4 0 8 0 0 0 0 0 0 0 0 0 0 0 0 
520062 8 0 1 2 0 4 4 0 5 0 0 0 0 0 0 0 0 0 0 0 0 
520063 1 1 1 3 1 5 5 1 0 0 0 0 0 0 0 0 0 0 0 0 0 
520141 1 1 1 1 1 4 5 1 1 0 0 0 0 0 0 0 0 0 0 0 0 
520143 3 0 1 3 1 4 5 1 1 0 0 0 0 0 0 0 0 0 0 0 0 
520155 8 0 0 0 0 3 4 1 8 0 0 0 0 0 0 0 0 0 0 0 0 
520158 8 0 1 2 0 3 4 1 5 0 0 0 0 0 0 0 0 0 0 0 0 
520159 1 1 1 3 1 4 5 2 0 0 0 0 0 0 0 0 0 0 0 0 0 
520182 8 0 0 0 0 4 5 6 1 0 0 0 0 0 0 0 0 0 0 0 0 
520183 1 1 0 0 0 4 5 7 0 0 0 0 0 0 0 0 0 0 0 0 0 
520188 8 0 1 2 0 4 5 3 1 0 0 0 0 0 0 0 0 0 0 0 0 
520189 1 1 1 2 0 4 5 4 0 0 0 0 0 0 0 0 0 0 0 0 0 
520191 7 0 0 2 0 4 5 7 0 0 0 0 0 0 0 0 0 0 0 0 0 
522678 9 0 0 0 1 0 5 5 0 3 0 0 0 0 0 0 0 0 0 0 0 
522679 1 1 0 0 1 0 6 6 1 0 0 0 0 0 0 0 0 0 0 0 0 
522684 9 0 1 2 1 0 2 5 0 3 0 0 0 0 0 0 0 0 0 0 0 
522685 1 1 1 2 1 0 3 6 1 0 0 0 0 0 0 0 0 0 0 0 0 
522687 6 0 0 2 1 0 6 6 1 0 0 0 0 0 0 0 0 0 0 0 0 
522732 9 0 0 0 1 0 5 6 1 1 0 0 0 0 0 0 0 0 0 0 0 
522733 1 1 0 0 1 0 5 6 2 0 0 0 0 0 0 0 0 0 0 0 0 
522735 2 0 2 0 1 0 6 7 0 0 0 0 0 0 0 0 0 0 0 0 0 
522744 9 0 1 2 1 0 2 6 1 1 0 0 0 0 0 0 0 0 0 0 0 
522745 1 1 1 2 1 0 2 6 2 0 0 0 0 0 0 0 0 0 0 0 0 
522747 5 0 0 1 0 5 3 7 0 0 0 0 0 0 0 0 0 0 0 0 0 
522750 8 0 0 2 1 0 5 6 2 0 0 0 0 0 0 0 0 0 0 0 0 
522751 1 1 0 2 1 0 6 7 0 0 0 0 0 0 0 0 0 0 0 0 0 
523117 1 1 0 0 1 1 4 0 7 1 0 0 0 0 0 0 0 0 0 0 0 
523119 2 0 2 0 1 1 4 0 8 0 0 0 0 0 0 0 0 0 0 0 0 
523129 1 1 1 2 1 1 4 0 4 1 0 0 0 0 0 0 0 0 0 0 0 
523131 7 0 0 1 0 0 3 7 5 0 0 0 0 0 0 0 0 0 0 0 0 
523134 9 0 0 2 1 1 4 0 7 1 0 0 0 0 0 0 0 0 0 0 0 
523135 1 1 0 2 1 1 4 0 8 0 0 0 0 0 0 0 0 0 0 0 0 
523227 2 0 2 0 1 1 5 6 1 0 0 0 0 0 0 0 0 0 0 0 0 
523230 3 0 1 1 1 1 5 7 0 0 0 0 0 0 0 0 0 0 0 0 0 
523231 1 1 2 0 1 1 5 7 0 0 0 0 0 0 0 0 0 0 0 0 0 
523251 9 0 0 1 0 0 4 2 0 9 0 0 0 0 0 0 0 0 0 0 0 
523254 9 0 0 1 0 0 4 3 7 1 0 0 0 0 0 0 0 0 0 0 0 
523255 1 1 0 1 0 0 4 3 8 0 0 0 0 0 0 0 0 0 0 0 0 
523261 1 1 0 2 1 1 5 6 1 0 0 0 0 0 0 0 0 0 0 0 0 
523263 2 0 2 2 1 1 5 7 0 0 0 0 0 0 0 0 0 0 0 0 0 
523995 6 0 0 0 1 2 6 6 1 0 0 0 0 0 0 0 0 0 0 0 0 
523998 6 0 1 2 1 2 3 6 1 0 0 0 0 0 0 0 0 0 0 0 0 
523999 1 1 1 3 2 3 0 6 1 0 0 0 0 0 0 0 0 0 0 0 0 
524022 8 0 0 0 1 2 5 6 2 0 0 0 0 0 0 0 0 0 0 0 0 
524023 1 1 0 0 1 2 6 7 0 0 0 0 0 0 0 0 0 0 0 0 0 
524028 8 0 1 2 1 2 2 6 2 0 0 0 0 0 0 0 0 0 0 0 0 
524029 1 1 1 2 1 2 3 7 0 0 0 0 0 0 0 0 0 0 0 0 0 
524031 6 0 0 2 1 2 6 7 0 0 0 0 0 0 0 0 0 0 0 0 0 
524214 9 0 0 0 1 3 4 0 7 1 0 0 0 0 0 0 0 0 0 0 0 
524215 1 1 0 0 1 3 4 0 8 0 0 0 0 0 0 0 0 0 0 0 0 
524220 9 0 1 2 1 3 4 0 4 1 0 0 0 0 0 0 0 0 0 0 0 
524221 1 1 1 2 1 3 4 0 5 0 0 0 0 0 0 0 0 0 0 0 0 
524223 8 0 0 2 1 3 4 0 8 0 0 0 0 0 0 0 0 0 0 0 0 
524269 1 1 0 0 1 3 5 6 1 0 0 0 0 0 0 0 0 0 0 0 0 
524271 2 0 2 0 1 3 5 7 0 0 0 0 0 0 0 0 0 0 0 0 0 
524281 1 1 1 2 1 3 5 3 1 0 0 0 0 0 0 0 0 0 0 0 0 
524283 8 0 0 1 0 2 4 3 8 0 0 0 0 0 0 0 0 0 0 0 0 
524286 8 0 0 2 1 3 5 6 1 0 0 0 0 0 0 0 0 0 0 0 0 
524287 1 1 0 2 1 3 5 7 0 0 0 0 0 0 0 0 0 0 0 0 0 
898777 1 1 0 0 1 4 4 0 2 1 0 0 0 0 0 0 0 0 0 0 0 
898779 2 0 2 0 1 4 4 0 3 0 0 0 0 0 0 0 0 0 0 0 0 
898782 3 0 1 1 1 5 5 1 0 0 0 0 0 0 0 0 0 0 0 0 0 
898783 1 1 2 0 1 5 5 1 0 0 0 0 0 0 0 0 0 0 0 0 0 
898801 1 1 1 2 1 1 4 0 2 1 0 0 0 0 0 0 0 0 0 0 0 
898803 7 0 0 1 0 0 3 7 3 0 0 0 0 0 0 0 0 0 0 0 0 
898806 9 0 0 1 0 1 4 0 7 1 0 0 0 0 0 0 0 0 0 0 0 
898807 1 1 0 1 0 1 4 0 8 0 0 0 0 0 0 0 0 0 0 0 0 
898812 9 0 0 2 1 4 4 0 2 1 0 0 0 0 0 0 0 0 0 0 0 
898813 1 1 0 2 1 4 4 0 3 0 0 0 0 0 0 0 0 0 0 0 0 
898815 2 0 2 2 1 5 5 1 0 0 0 0 0 0 0 0 0 0 0 0 0 
898995 2 0 2 0 1 4 5 1 1 0 0 0 0 0 0 0 0 0 0 0 0 
898998 3 0 1 1 1 4 5 2 0 0 0 0 0 0 0 0 0 0 0 0 0 
898999 1 1 2 0 1 4 5 2 0 0 0 0 0 0 0 0 0 0 0 0 0 
899005 1 1 1 1 1 5 6 0 0 0 0 0 0 0 0 0 0 0 0 0 0 
899007 3 0 1 3 1 5 6 0 0 0 0 0 0 0 0 0 0 0 0 0 0 
899043 9 0 0 1 0 0 4 0 0 9 0 0 0 0 0 0 0 0 0 0 0 
899046 9 0 0 1 0 0 4 1 7 1 0 0 0 0 0 0 0 0 0 0 0 
899047 1 1 0 1 0 0 4 1 8 0 0 0 0 0 0 0 0 0 0 0 0 
899053 1 1 0 1 0 1 5 6 1 0 0 0 0 0 0 0 0 0 0 0 0 
899055 2 0 2 1 0 1 5 7 0 0 0 0 0 0 0 0 0 0 0 0 0 
899065 1 1 0 2 1 4 5 1 1 0 0 0 0 0 0 0 0 0 0 0 0 
899067 2 0 2 2 1 4 5 2 0 0 0 0 0 0 0 0 0 0 0 0 0 
899070 7 0 1 1 0 4 5 5 0 0 0 0 0 0 0 0 0 0 0 0 0 
899071 1 1 2 2 1 5 6 0 0 0 0 0 0 0 0 0 0 0 0 0 0 
900300 10 0 1 0 0 3 0 4 1 0 3 0 0 0 0 0 0 0 0 0 0 
900301 1 1 1 0 0 3 0 5 2 1 0 0 0 0 0 0 0 0 0 0 0 
900303 7 0 1 0 0 3 0 7 2 1 0 0 0 0 0 0 0 0 0 0 0 
900312 10 0 1 0 0 3 0 4 2 1 1 0 0 0 0 0 0 0 0 0 0 
900313 1 1 1 0 0 3 0 4 2 2 0 0 0 0 0 0 0 0 0 0 0 
900315 3 0 0 3 0 3 0 5 3 0 0 0 0 0 0 0 0 0 0 0 0 
900318 9 0 1 0 0 3 0 6 2 2 0 0 0 0 0 0 0 0 0 0 0 
900319 1 1 1 0 0 3 0 7 3 0 0 0 0 0 0 0 0 0 0 0 0 
900339 3 0 0 3 0 4 1 0 5 1 0 0 0 0 0 0 0 0 0 0 0 
900342 4 0 0 2 1 4 1 0 6 0 0 0 0 0 0 0 0 0 0 0 0 
900343 1 1 0 3 0 4 1 0 6 0 0 0 0 0 0 0 0 0 0 0 0 
900349 1 1 1 0 0 4 1 0 7 1 0 0 0 0 0 0 0 0 0 0 0 
900351 3 0 0 3 0 4 1 0 8 0 0 0 0 0 0 0 0 0 0 0 0 
900505 1 1 1 0 0 3 1 0 0 6 1 0 0 0 0 0 0 0 0 0 0 
900507 3 0 0 3 0 3 1 0 0 7 0 0 0 0 0 0 0 0 0 0 0 
900510 10 0 1 0 0 3 1 0 0 8 1 0 0 0 0 0 0 0 0 0 0 
900511 1 1 1 0 0 3 1 0 0 9 0 0 0 0 0 0 0 0 0 0 0 
900531 3 0 0 3 0 3 1 1 5 1 0 0 0 0 0 0 0 0 0 0 0 
900534 4 0 0 2 1 3 1 1 6 0 0 0 0 0 0 0 0 0 0 0 0 
900535 1 1 0 3 0 3 1 1 6 0 0 0 0 0 0 0 0 0 0 0 0 
900541 1 1 1 0 0 3 1 1 7 1 0 0 0 0 0 0 0 0 0 0 0 
900543 3 0 0 3 0 3 1 1 8 0 0 0 0 0 0 0 0 0 0 0 0 
900582 4 0 0 2 1 4 2 4 1 0 0 0 0 0 0 0 0 0 0 0 0 
900583 1 1 0 3 0 4 2 4 1 0 0 0 0 0 0 0 0 0 0 0 0 
900589 1 1 0 2 1 4 2 5 0 0 0 0 0 0 0 0 0 0 0 0 0 
900591 2 0 2 3 0 4 2 5 0 0 0 0 0 0 0 0 0 0 0 0 0 
900603 3 0 0 3 0 4 2 6 1 0 0 0 0 0 0 0 0 0 0 0 0 
900606 4 0 0 2 1 4 2 7 0 0 0 0 0 0 0 0 0 0 0 0 0 
900607 1 1 0 3 0 4 2 7 0 0 0 0 0 0 0 0 0 0 0 0 0 
900963 7 0 0 0 0 1 3 7 2 1 0 0 0 0 0 0 0 0 0 0 0 
900966 9 0 0 0 0 1 3 6 2 2 0 0 0 0 0 0 0 0 0 0 0 
900967 1 1 0 0 0 1 3 7 3 0 0 0 0 0 0 0 0 0 0 0 0 
900973 1 1 0 0 0 2 4 0 7 1 0 0 0 0 0 0 0 0 0 0 0 
900975 2 0 2 0 0 2 4 0 8 0 0 0 0 0 0 0 0 0 0 0 0 
900985 1 1 1 1 1 4 4 0 2 1 0 0 0 0 0 0 0 0 0 0 0 
900987 7 0 0 0 0 3 3 7 3 0 0 0 0 0 0 0 0 0 0 0 0 
900990 9 0 0 0 0 4 4 0 7 1 0 0 0 0 0 0 0 0 0 0 0 
900991 1 1 0 0 0 4 4 0 8 0 0 0 0 0 0 0 0 0 0 0 0 
901062 10 0 0 0 0 1 4 0 0 8 1 0 0 0 0 0 0 0 0 0 0 
901063 1 1 0 0 0 1 4 0 0 9 0 0 0 0 0 0 0 0 0 0 0 
901069 1 1 0 0 0 1 4 1 7 1 0 0 0 0 0 0 0 0 0 0 0 
901071 2 0 2 0 0 1 4 1 8 0 0 0 0 0 0 0 0 0 0 0 0 
901083 2 0 2 0 0 2 5 6 1 0 0 0 0 0 0 0 0 0 0 0 0 
901086 3 0 1 1 0 2 5 7 0 0 0 0 0 0 0 0 0 0 0 0 0 
901087 1 1 2 0 0 2 5 7 0 0 0 0 0 0 0 0 0 0 0 0 0 
901107 9 0 0 0 0 3 4 0 0 9 0 0 0 0 0 0 0 0 0 0 0 
901110 9 0 0 0 0 3 4 1 7 1 0 0 0 0 0 0 0 0 0 0 0 
901111 1 1 0 0 0 3 4 1 8 0 0 0 0 0 0 0 0 0 0 0 0 
901117 1 1 0 0 0 4 5 6 1 0 0 0 0 0 0 0 0 0 0 0 0 
901119 2 0 2 0 0 4 5 7 0 0 0 0 0 0 0 0 0 0 0 0 0 
912822 3 0 1 1 2 3 0 6 1 0 0 0 0 0 0 0 0 0 0 0 0 
912823 1 1 2 0 2 3 0 6 1 0 0 0 0 0 0 0 0 0 0 0 0 
912829 1 1 1 1 2 3 0 7 0 0 0 0 0 0 0 0 0 0 0 0 0 
912831 3 0 1 3 2 3 0 7 0 0 0 0 0 0 0 0 0 0 0 0 0 
912870 9 0 0 1 1 2 5 2 0 3 0 0 0 0 0 0 0 0 0 0 0 
912871 1 1 0 1 1 2 6 3 1 0 0 0 0 0 0 0 0 0 0 0 0 
912876 9 0 0 1 1 2 5 3 1 1 0 0 0 0 0 0 0 0 0 0 0 
912877 1 1 0 1 1 2 5 3 2 0 0 0 0 0 0 0 0 0 0 0 0 
912879 2 0 2 1 1 2 6 4 0 0 0 0 0 0 0 0 0 0 0 0 0 
912891 2 0 2 2 2 3 0 6 1 0 0 0 0 0 0 0 0 0 0 0 0 
912894 6 0 1 1 1 2 4 7 0 0 0 0 0 0 0 0 0 0 0 0 0 
912895 1 1 2 2 2 3 0 7 0 0 0 0 0 0 0 0 0 0 0 0 0 
913261 1 1 1 1 2 4 5 1 0 0 0 0 0 0 0 0 0 0 0 0 0 
913263 3 0 1 3 2 4 5 1 0 0 0 0 0 0 0 0 0 0 0 0 0 
913275 7 0 0 0 1 3 5 7 0 0 0 0 0 0 0 0 0 0 0 0 0 
913278 7 0 1 2 1 3 5 4 0 0 0 0 0 0 0 0 0 0 0 0 0 
913279 1 1 1 3 2 4 6 0 0 0 0 0 0 0 0 0 0 0 0 0 0 
913357 1 1 0 1 1 3 1 0 7 1 0 0 0 0 0 0 0 0 0 0 0 
913359 2 0 2 1 1 3 1 0 8 0 0 0 0 0 0 0 0 0 0 0 0 
913371 2 0 2 1 1 3 2 6 1 0 0 0 0 0 0 0 0 0 0 0 0 
913374 8 0 1 0 0 2 1 6 6 0 0 0 0 0 0 0 0 0 0 0 0 
913375 1 1 2 1 1 3 2 7 0 0 0 0 0 0 0 0 0 0 0 0 0 
913398 8 0 1 1 1 3 4 0 6 0 0 0 0 0 0 0 0 0 0 0 0 
913399 1 1 2 2 2 4 5 1 0 0 0 0 0 0 0 0 0 0 0 0 0 
913404 8 0 1 1 1 3 5 4 1 0 0 0 0 0 0 0 0 0 0 0 0 
913405 1 1 1 1 1 3 5 5 0 0 0 0 0 0 0 0 0 0 0 0 0 
913407 7 0 1 1 1 3 5 7 0 0 0 0 0 0 0 0 0 0 0 0 0 
915891 3 0 0 3 1 2 1 6 1 0 0 0 0 0 0 0 0 0 0 0 0 
915894 6 0 0 2 0 2 3 6 1 0 0 0 0 0 0 0 0 0 0 0 0 
915895 1 1 0 3 1 3 0 6 1 0 0 0 0 0 0 0 0 0 0 0 0 
915901 1 1 1 0 1 4 1 6 1 0 0 0 0 0 0 0 0 0 0 0 0 
915903 3 0 0 3 1 5 0 6 1 0 0 0 0 0 0 0 0 0 0 0 0 
915942 8 0 0 2 0 1 0 6 5 0 0 0 0 0 0 0 0 0 0 0 0 
915943 1 1 0 3 1 2 1 7 0 0 0 0 0 0 0 0 0 0 0 0 0 
915948 8 0 0 2 0 2 2 6 2 0 0 0 0 0 0 0 0 0 0 0 0 
915949 1 1 0 2 0 2 3 7 0 0 0 0 0 0 0 0 0 0 0 0 0 
915951 2 0 2 3 1 3 0 7 0 0 0 0 0 0 0 0 0 0 0 0 0 
915963 3 0 0 3 1 4 1 7 0 0 0 0 0 0 0 0 0 0 0 0 0 
915966 6 0 0 2 0 4 3 7 0 0 0 0 0 0 0 0 0 0 0 0 0 
915967 1 1 0 3 1 5 0 7 0 0 0 0 0 0 0 0 0 0 0 0 0 
916326 5 0 0 2 0 2 4 0 5 1 0 0 0 0 0 0 0 0 0 0 0 
916327 1 1 0 3 1 0 4 0 5 1 0 0 0 0 0 0 0 0 0 0 0 
916332 7 0 0 2 0 1 3 2 6 0 0 0 0 0 0 0 0 0 0 0 0 
916333 1 1 0 2 0 2 4 0 6 0 0 0 0 0 0 0 0 0 0 0 0 
916335 2 0 2 3 1 0 4 0 6 0 0 0 0 0 0 0 0 0 0 0 0 
916347 3 0 0 3 1 0 4 0 7 1 0 0 0 0 0 0 0 0 0 0 0 
916350 5 0 0 2 0 2 4 0 8 0 0 0 0 0 0 0 0 0 0 0 0 
916351 1 1 0 3 1 0 4 0 8 0 0 0 0 0 0 0 0 0 0 0 0 
916428 9 0 0 2 0 1 4 3 0 4 0 0 0 0 0 0 0 0 0 0 0 
916429 1 1 0 2 0 2 5 4 1 0 0 0 0 0 0 0 0 0 0 0 0 
916431 2 0 2 3 1 0 5 4 1 0 0 0 0 0 0 0 0 0 0 0 0 
916440 9 0 0 2 0 1 4 4 2 1 0 0 0 0 0 0 0 0 0 0 0 
916441 1 1 0 2 0 1 4 4 3 0 0 0 0 0 0 0 0 0 0 0 0 
916443 2 0 2 2 0 2 5 5 0 0 0 0 0 0 0 0 0 0 0 0 0 
916446 5 0 1 2 0 3 5 5 0 0 0 0 0 0 0 0 0 0 0 0 0 
916447 1 1 2 3 1 0 5 5 0 0 0 0 0 0 0 0 0 0 0 0 0 
916470 5 0 0 2 0 2 5 6 1 0 0 0 0 0 0 0 0 0 0 0 0 
916471 1 1 0 3 1 0 5 6 1 0 0 0 0 0 0 0 0 0 0 0 0 
916476 8 0 0 2 0 1 4 6 3 0 0 0 0 0 0 0 0 0 0 0 0 
916477 1 1 0 2 0 2 5 7 0 0 0 0 0 0 0 0 0 0 0 0 0 
916479 2 0 2 3 1 0 5 7 0 0 0 0 0 0 0 0 0 0 0 0 0 
917196 10 0 0 0 1 2 5 3 0 2 1 0 0 0 0 0 0 0 0 0 0 
917197 1 1 0 0 1 2 5 3 0 3 0 0 0 0 0 0 0 0 0 0 0 
917199 2 0 2 0 1 2 6 4 1 0 0 0 0 0 0 0 0 0 0 0 0 
917209 1 1 0 0 1 2 5 4 1 1 0 0 0 0 0 0 0 0 0 0 0 
917211 2 0 2 0 1 2 5 4 2 0 0 0 0 0 0 0 0 0 0 0 0 
917214 3 0 1 1 1 2 6 5 0 0 0 0 0 0 0 0 0 0 0 0 0 
917215 1 1 2 0 1 2 6 5 0 0 0 0 0 0 0 0 0 0 0 0 0 
917238 9 0 0 0 1 2 5 5 0 3 0 0 0 0 0 0 0 0 0 0 0 
917239 1 1 0 0 1 2 6 6 1 0 0 0 0 0 0 0 0 0 0 0 0 
917244 9 0 0 0 1 2 5 6 1 1 0 0 0 0 0 0 0 0 0 0 0 
917245 1 1 0 0 1 2 5 6 2 0 0 0 0 0 0 0 0 0 0 0 0 
917247 2 0 2 0 1 2 6 7 0 0 0 0 0 0 0 0 0 0 0 0 0 
917403 2 0 2 0 1 3 2 0 7 1 0 0 0 0 0 0 0 0 0 0 0 
917406 3 0 1 1 1 3 2 0 8 0 0 0 0 0 0 0 0 0 0 0 0 
917407 1 1 2 0 1 3 2 0 8 0 0 0 0 0 0 0 0 0 0 0 0 
917430 3 0 1 1 1 3 3 6 1 0 0 0 0 0 0 0 0 0 0 0 0 
917431 1 1 2 0 1 3 3 6 1 0 0 0 0 0 0 0 0 0 0 0 0 
917437 1 1 1 1 1 3 3 7 0 0 0 0 0 0 0 0 0 0 0 0 0 
917439 3 0 1 3 1 3 3 7 0 0 0 0 0 0 0 0 0 0 0 0 0 
917485 1 1 0 0 1 3 4 0 7 1 0 0 0 0 0 0 0 0 0 0 0 
917487 2 0 2 0 1 3 4 0 8 0 0 0 0 0 0 0 0 0 0 0 0 
917499 2 0 2 0 1 3 5 6 1 0 0 0 0 0 0 0 0 0 0 0 0 
917502 3 0 1 1 1 3 5 7 0 0 0 0 0 0 0 0 0 0 0 0 0 
917503 1 1 2 0 1 3 5 7 0 0 0 0 0 0 0 0 0 0 0 0 0 
