0 0
55 4
96 4
99 5
409 7
428 10
443 8
492 10
847 13
1008 14
1783 13
1950 12
1994 17
3095 13
3122 16
3150 17
3174 16
3264 12
3305 14
3310 15
3847 17
3873 19
4018 21
4074 25
6174 17
6287 23
6376 19
6677 25
6736 28
6756 24
6794 25
7123 22
7148 22
7151 23
7771 22
7818 25
7997 29
12371 22
12396 22
12399 23
12496 28
12674 25
12677 26
12731 22
13071 23
13559 26
13776 33
14133 23
15444 32
15824 33
15978 33
16017 34
16051 35
16098 34
16362 33
24588 24
24931 31
24975 31
25065 38
26122 24
26163 26
26197 26
26806 39
26872 39
26889 43
26898 44
27225 44
27580 36
28535 26
30767 31
30809 38
31030 39
31113 37
31206 24
31321 44
31676 36
31770 35
32060 36
32387 49
49241 37
49527 26
49769 38
49898 33
50285 43
50361 43
50463 40
52340 38
52473 37
52616 41
52854 39
53448 50
53548 59
54039 44
54161 46
54255 40
54404 48
54429 50
54692 49
54695 50
54950 39
54966 42
56602 43
57135 40
57273 43
62001 38
62152 42
62157 43
62596 48
62621 50
62884 49
62887 50
63142 39
63158 42
63498 35
63669 56
63843 49
64241 62
64368 55
64471 44
64586 48
64922 57
64927 58
65050 48
65214 51
65315 49
65505 52
98535 50
98745 43
99119 40
99257 43
100308 51
100677 53
100835 49
101064 50
101437 50
101552 47
101832 42
101837 43
102245 55
104506 43
104557 43
104767 40
105474 53
105585 38
106469 55
106669 47
106954 57
106959 58
107143 67
108058 48
108209 46
108356 64
108734 51
109674 52
109677 53
110018 60
110358 66
113269 56
113310 61
113529 43
113992 56
114065 46
114159 40
114176 40
114179 41
114396 45
114448 47
114506 48
114588 36
122953 47
123012 48
123100 49
123103 50
123155 44
123164 45
123309 47
123687 40
123983 40
124039 67
124272 55
124322 42
124403 44
124412 45
125118 51
126058 52
126061 53
126402 60
126742 66
127021 43
127153 71
127440 73
128147 62
128899 58
129076 51
129533 79
129893 83
130406 51
130468 78
130473 79
197445 53
197603 49
197960 56
198033 46
198127 40
198144 40
198147 41
198364 45
198416 47
198474 48
198556 36
199124 51
199237 50
199649 52
199820 49
199823 50
200262 88
200495 71
200912 73
201097 73
201280 68
201555 59
201730 51
201876 51
202186 57
202191 58
202535 40
202814 51
203148 49
203151 50
203632 55
203682 42
203763 44
203772 45
204046 39
204603 76
209068 59
209216 46
209597 50
210522 48
210811 76
211151 40
211526 43
212681 47
213190 88
214337 68
214342 69
214383 71
214588 92
214651 95
215746 97
215916 103
215919 104
216865 64
216913 65
217446 51
217508 78
217513 79
217675 76
217899 85
218245 56
219714 60
219941 83
220075 85
220826 69
220908 91
226076 45
226157 47
226375 67
226662 69
226844 49
226847 50
227018 48
227145 47
227289 59
228164 64
228408 50
228624 66
228772 45
228947 59
229148 36
229345 52
245764 65
245811 68
245834 57
245839 58
245923 58
246423 77
246872 82
247128 63
247206 66
247215 67
247560 82
248129 68
248134 69
248175 71
248328 60
248760 67
248763 68
248848 69
248853 70
249777 46
250214 51
250276 78
250281 79
250443 76
250667 85
251013 56
252482 60
252709 83
252843 85
253594 69
253676 91
254016 58
254019 59
254061 47
254274 78
254438 66
254447 67
254715 95
255022 98
255125 64
255160 63
255254 61
255891 58
256620 91
257343 67
258388 76
258391 77
258566 80
258748 91
259649 100
260155 85
260188 86
260386 107
260713 89
261224 63
394816 68
395091 59
396100 64
396344 50
396560 66
396708 45
396883 59
397084 36
397281 52
397894 88
398127 71
398578 71
398845 79
399064 82
399699 59
400066 97
400236 103
400239 104
400398 96
401058 75
401980 92
403222 61
403837 79
404082 71
405256 82
405606 51
405707 76
405773 77
405835 85
406355 59
407048 60
407480 67
407483 68
408207 71
408633 88
408936 84
408992 85
408995 86
409367 85
417991 67
418185 73
418465 64
418558 51
418951 50
421006 70
421380 63
421449 65
421515 95
422496 95
422566 66
422575 67
425558 88
425561 89
425832 84
425888 85
425891 86
426178 97
426264 100
426619 85
426914 107
426988 103
426991 104
427440 87
428041 125
428650 106
429448 122
429675 80
429923 103
429974 78
430055 80
430983 94
431736 123
431741 124
431953 122
431958 123
432520 84
432561 86
432717 80
433630 93
433857 74
434132 76
434135 77
434793 89
436802 57
436819 58
437146 69
437228 91
437294 98
437534 93
437775 94
438132 105
438283 67
438747 85
439087 71
439246 98
439467 85
439940 63
439957 64
440298 106
440436 102
440981 97
442113 73
442292 105
451724 78
451931 76
452132 45
452293 47
452437 64
452582 66
452591 67
452772 78
452777 79
453115 95
454307 58
454422 61
456481 64
456529 65
457352 72
458059 85
492962 75
493179 85
493474 107
493548 103
493551 104
493592 100
494157 109
494715 95
495340 103
495343 104
495539 76
495842 70
495878 71
496092 75
496234 106
496796 91
496959 67
497739 71
498028 103
498031 104
498443 89
499427 49
500329 89
502338 57
502355 58
502682 69
502764 91
502830 98
503070 93
503311 94
503668 105
503819 67
504283 85
504623 71
504782 98
505003 85
505476 63
505493 64
505834 106
505972 102
506517 97
507649 73
507828 105
508101 47
508192 95
508346 69
508749 109
509340 105
509577 79
510119 131
510358 66
510404 92
510676 86
511114 69
511162 98
511286 66
511303 67
511376 94
511379 95
511519 121
511689 124
511930 88
512278 124
513467 95
514804 113
516715 89
518593 100
518663 121
518696 122
519066 105
519461 133
519470 134
519769 124
519958 124
521070 142
521781 136
522471 94
523356 105
523574 66
523591 67
523664 94
523667 95
524024 100
786572 78
787100 92
787404 86
787501 79
790294 61
792353 64
792401 65
793224 72
793931 85
795662 96
796322 75
796766 93
797190 80
797372 91
797803 62
798951 98
799211 62
800376 123
800381 124
800593 122
800598 123
801251 130
802601 125
802849 97
802858 98
803053 77
803074 75
803171 103
803465 79
804104 112
804107 113
804763 85
805057 88
805119 104
805165 110
805397 97
805605 104
805610 105
805912 82
806006 66
806612 86
808204 91
808416 85
808419 86
810107 95
810732 103
810735 104
810931 76
811888 96
811893 97
814236 91
814399 67
816226 70
816348 75
817374 93
818060 102
835811 49
835864 67
835867 68
836004 78
836009 79
836334 97
836655 71
836714 80
837094 51
837185 74
837270 88
837273 89
838347 76
838446 97
839228 91
842434 87
842475 89
842672 87
842806 66
843815 98
844550 71
844764 75
845922 89
845960 74
846130 71
846524 91
847547 76
847809 88
847871 104
849966 98
850177 91
850207 94
850400 85
850403 86
850519 85
850695 77
850785 61
851852 102
852073 125
852644 130
852647 131
852690 133
852963 130
855220 99
855233 100
855482 88
855965 91
857762 115
857806 78
859175 80
859574 125
859745 115
860140 119
862399 104
863377 173
863708 172
864284 86
865900 103
865903 104
866270 93
866654 93
867500 103
867503 104
869941 136
870498 96
870648 137
871028 145
872030 115
872858 69
872940 91
873180 75
873332 105
873483 103
875318 125
876139 157
876504 120
876600 72
876964 75
877037 77
878131 76
879082 106
879341 77
879685 101
880722 133
880906 138
880911 139
881823 112
882072 137
882572 72
882743 158
883027 103
903213 110
904011 71
904020 72
904433 86
904848 94
904851 95
905037 109
905242 106
906140 105
906823 94
907277 79
907413 64
907448 63
908107 85
908956 92
911375 104
911789 80
911909 104
912862 93
913089 74
913364 76
913367 77
913858 79
914308 113
915355 85
916075 89
984555 62
985044 86
985109 82
985265 86
985761 115
987715 98
987776 99
988088 123
988093 124
988690 116
989241 118
989443 76
989516 78
989832 122
990116 75
990189 77
990518 125
990989 110
991274 106
991347 76
992930 115
992974 78
994036 113
994733 80
995024 110
995249 86
995629 74
995960 123
995965 124
996177 122
996182 123
996538 88
997146 133
997149 134
998736 69
998741 70
998989 80
